2048 2048
128
1051 371 1051 313 1002 313 1002 234 926 234
1371 1748 1372 1748 1372 1534 1382 1534
568 1937 546 1937 546 1793 399 1793 399 1766
676 706 468 706 468 499 440 499
1758 1929 1964 1929 1964 1767
370 156 333 156 333 103 303 103 303 66
379 109 196 109 196 132 176 132
1711 601 1716 601 1716 656 1734 656 1734 715
1536 1479 1536 1638 1563 1638 1563 1672 1576 1672
352 1167 268 1167 268 1161
1771 1427 1768 1427 1768 1309 1744 1309
1316 76 1322 76 1322 27 1392 27 1392 3
726 498 694 498 694 621 566 621
720 986 947 986 947 945
1741 131 1867 131 1867 136
191 1097 191 1062 136 1062 136 1044 63 1044
1212 1940 1401 1940 1401 1878
951 1050 952 1050 952 1163 960 1163
848 1492 963 1492 963 1499
990 942 1243 942 1243 895
949 1730 862 1730 862 1829
1507 123 1507 204 1509 204 1509 243 1513 243
1835 1907 1782 1907 1782 1890 1773 1890 1773 1864
28 1945 137 1945 137 1925
1778 15 1911 15 1911 109
1407 318 1481 318 1481 341
404 1506 396 1506 396 1674
571 2045 772 2045 772 1978
917 1369 953 1369 953 1266 961 1266 961 1128
1841 1104 1684 1104 1684 1005
1332 234 1278 234 1278 404
1568 1370 1721 1370 1721 1419 1767 1419 1767 1451
1890 442 1745 442 1745 604
1573 45 1573 48 1802 48 1802 59 1815 59
151 1600 267 1600 267 1776
1257 1597 1207 1597 1207 1394
1629 1883 1695 1883 1695 1927 1705 1927 1705 1944
1886 1441 1886 1437 1856 1437 1856 1403 1815 1403
1360 1306 1603 1306 1603 1297
33 5 17 5 17 95
421 1000 542 1000 542 1070 597 1070 597 1114
353 1827 581 1827 581 1848
655 455 658 455 658 457 693 457 693 552
1384 1799 1241 1799 1241 1978
1612 622 1368 622 1368 381
1855 1013 2006 1013 2006 964
703 700 704 700 704 880 840 880
2013 224 1987 224 1987 387 1946 387
1656 1723 1584 1723 1584 1650
742 1616 749 1616 749 1709 831 1709 831 1848
2028 1801 2028 1742 1846 1742 1846 1685 1788 1685
285 1917 482 1917 482 1923 496 1923 496 1967
309 796 520 796 520 820
751 256 699 256 699 89 619 89
646 1275 503 1275 503 1263
1387 1055 1585 1055 1585 1131 1611 1131 1611 1229
260 1180 126 1180 126 1085 104 1085
1013 1610 1217 1610 1217 1675
1899 2026 1753 2026 1753 1869
1305 1762 1075 1762 1075 1851
376 704 376 748 460 748 460 874 467 874
1457 920 1452 920 1452 918 1290 918 1290 836
1926 1137 1906 1137 1906 1193
1076 704 1076 605 1091 605 1091 577 1314 577
959 1867 1094 1867 1094 1965
1619 1086 1612 1086 1612 899 1568 899
1017 1083 955 1083 955 1002
780 1522 793 1522 793 1384
1243 1211 1479 1211 1479 1208
1056 784 1056 803 958 803 958 813 802 813
1406 1997 1402 1997 1402 1846 1311 1846
54 1382 217 1382 217 1185
405 1447 304 1447 304 1287
805 911 1033 911 1033 932
575 711 412 711 412 473
1849 476 1979 476 1979 718
1378 1703 1381 1703 1381 1609 1407 1609 1407 1448
995 1598 1011 1598 1011 1825
68 879 27 879 27 691
1933 292 1962 292 1962 375
946 1683 1115 1683 1115 1738
1079 127 1224 127 1224 242
1173 447 961 447 961 419
1645 566 1728 566 1728 627 1787 627
958 1547 1106 1547 1106 1342
2006 1707 2006 1501 1993 1501 1993 1461 1967 1461
231 74 166 74 166 89
357 240 455 240 455 164
593 82 590 82 590 163
1571 1847 1764 1847 1764 1779
84 370 237 370 237 248
1762 548 1762 562 1751 562 1751 566 1748 566
1392 547 1590 547 1590 333
117 964 247 964 247 1144
925 697 757 697 757 728
775 580 775 535 838 535 838 392 929 392
1162 1172 1015 1172 1015 1388
509 1163 513 1163 513 1174 515 1174 515 1182
1921 1474 1889 1474 1889 1361
1774 1240 1774 1251 1770 1251 1770 1252 1713 1252
1876 481 1631 481 1631 473
1755 641 1660 641 1660 715
597 1449 677 1449 677 1465 715 1465 715 1488
683 1536 683 1541 753 1541 753 1706 901 1706
285 1968 32 1968 32 1957
964 105 1144 105 1144 108 1156 108 1156 112
1692 794 1441 794 1441 881
1389 1619 1365 1619 1365 1543
779 40 827 40 827 96
1312 2019 1426 2019 1426 1836
276 122 249 122 249 313
112 1605 71 1605 71 1597 13 1597 13 1593
684 194 593 194 593 303
9 1021 55 1021 55 1270
1571 166 1521 166 1521 152
741 1975 741 2011 609 2011 609 2028 521 2028
1614 227 1772 227 1772 324 1779 324 1779 325
611 226 649 226 649 266 698 266 698 317
1614 84 1617 84 1617 127 1619 127 1619 162
855 1385 855 1372 875 1372 875 1255 882 1255
125 1115 63 1115 63 1235
475 1488 380 1488 380 1537
834 6 1017 6 1017 78
117 2003 305 2003 305 1909
1814 699 1764 699 1764 674
475 827 475 737 406 737 406 709 347 709
1739 381 1986 381 1986 339
507 1149 460 1149 460 1164 429 1164 429 1192
