2048 2048
2048
1091 1790 1075 1790 1075 1801
121 1481 153 1481 153 1591
1863 1788 1851 1788 1851 1827 1825 1827 1825 1836
1493 690 1442 690 1442 613 1374 613
800 1370 801 1370 801 1283 863 1283
1167 182 1183 182 1183 177 1206 177 1206 142
1069 153 1048 153 1048 208 1014 208 1014 232
1 23 2 23 2 84 41 84
487 1149 442 1149 442 1038 438 1038
407 1473 399 1473 399 1479 354 1479 354 1481
506 531 441 531 441 490 414 490
675 1361 673 1361 673 1241 660 1241 660 1240
1499 1492 1502 1492 1502 1610
912 1927 913 1927 913 1898 962 1898
686 940 687 940 687 961 724 961
1195 679 1195 702 1274 702 1274 752 1305 752
494 1773 509 1773 509 1670
1921 166 1922 166 1922 118 1942 118
1020 1876 1027 1876 1027 1917 1127 1917 1127 1939
365 526 344 526 344 547 306 547 306 574
1181 1257 1181 1225 1178 1225 1178 1216 1173 1216
38 1030 61 1030 61 1032
675 1954 654 1954 654 1889 641 1889
1209 1272 1222 1272 1222 1347 1293 1347
820 1248 804 1248 804 1174 795 1174 795 1134
1092 1309 1086 1309 1086 1197 1085 1197
1060 1877 1058 1877 1058 1803 1008 1803
499 366 499 362 474 362 474 255 448 255
664 435 660 435 660 314 632 314
185 1690 93 1690 93 1642 73 1642
479 24 454 24 454 58 410 58 410 93
1063 1235 1063 1259 1075 1259 1075 1263 1190 1263
1441 1853 1477 1853 1477 1881
527 503 527 619 528 619 528 628 558 628
398 1260 292 1260 292 1227
1410 560 1292 560 1292 567
1236 277 1127 277 1127 196
1726 835 1726 845 1642 845 1642 871 1603 871
0 800 0 793 82 793 82 713
551 585 551 598 586 598 586 663 629 663
1314 422 1314 358 1400 358 1400 340 1421 340
1667 1882 1645 1882 1645 1926 1585 1926
1111 1330 1112 1330 1112 1317 1132 1317
1785 267 1785 275 1864 275 1864 318
1132 656 1105 656 1105 547
623 1744 618 1744 618 1741 588 1741
121 960 121 961 118 961
1113 1936 1113 1811 1112 1811
641 20 642 20 642 10 747 10
491 1709 541 1709 541 1726
803 1600 743 1600 743 1522 741 1522
1955 126 1949 126 1949 150 1927 150 1927 170
463 1995 467 1995 467 1913 498 1913
1641 745 1641 833 1733 833 1733 852 1743 852
1535 1148 1538 1148 1538 1228 1547 1228 1547 1269
1893 1356 1913 1356 1913 1233 1921 1233
1891 1317 2006 1317 2006 1311
109 837 109 842 59 842 59 850 52 850
1336 204 1287 204 1287 201 1211 201 1211 161
73 699 35 699 35 717 22 717
1147 2037 1154 2037 1154 2019 1231 2019 1231 1969
1272 317 1272 384 1229 384 1229 434
149 113 149 43 233 43 233 41
698 1709 698 1584 589 1584 589 1581
955 993 955 1009 905 1009 905 1090
97 1265 97 1264 98 1264 98 1175 102 1175
1733 1247 1734 1247 1734 1178 1817 1178
911 1875 798 1875 798 1866 796 1866 796 1820
1419 1311 1389 1311 1389 1281 1377 1281 1377 1203
1212 1197 1221 1197 1221 1153
1775 717 1823 717 1823 756 1890 756
1485 1998 1480 1998 1480 1883 1425 1883
1415 754 1418 754 1418 818 1421 818 1421 846
1044 1114 1044 1128 1036 1128 1036 1169 1027 1169
64 175 153 175 153 48 184 48
671 975 671 959 668 959 668 931 652 931
1404 1140 1404 1028 1399 1028 1399 1020
1681 1905 1682 1905 1682 1824 1689 1824
1854 1396 1794 1396 1794 1455 1758 1455 1758 1514
276 1440 256 1440 256 1545 193 1545
1128 420 1143 420 1143 445
939 1522 939 1537 880 1537 880 1603
1400 1295 1319 1295 1319 1307 1292 1307 1292 1318
110 240 110 218 127 218 127 211
1822 1710 1795 1710 1795 1782 1715 1782
1616 395 1617 395 1617 348 1653 348
900 174 900 186 971 186 971 269
1047 1250 1048 1250 1048 1340 1132 1340 1132 1362
1783 1504 1778 1504 1778 1513 1777 1513 1777 1525
955 1214 1041 1214 1041 1245
99 789 177 789 177 838
1451 610 1393 610 1393 660 1325 660 1325 674
292 359 292 303 180 303 180 279
800 719 801 719 801 833 835 833
41 1920 86 1920 86 1968 105 1968
236 1295 232 1295 232 1252 231 1252 231 1228
1893 982 1893 991 1851 991 1851 1060
2044 603 2044 564 1969 564 1969 516 1941 516
1882 1919 1913 1919 1913 1845 1928 1845
1649 191 1552 191 1552 194
405 35 372 35 372 127 359 127
744 474 754 474 754 458
790 2025 780 2025 780 2004 698 2004
1622 180 1622 186 1677 186 1677 301 1720 301
197 379 202 379 202 362 206 362 206 327
250 1135 250 1109 152 1109 152 1097
1529 1284 1605 1284 1605 1382 1644 1382
1273 1954 1229 1954 1229 2016 1214 2016
1914 528 1856 528 1856 536
499 1218 508 1218 508 1148
706 1778 723 1778 723 1692 788 1692 788 1691
1289 728 1289 705 1291 705 1291 686 1322 686
655 919 655 845 576 845 576 802
549 1524 542 1524 542 1532 466 1532
161 1259 161 1299 47 1299 47 1366
1706 525 1615 525 1615 470
1548 196 1548 183 1537 183 1537 159 1490 159
1698 1244 1644 1244 1644 1184 1598 1184
1262 577 1262 612 1263 612 1263 701
1142 1882 1143 1882 1143 1767 1185 1767
241 1235 194 1235 194 1268 169 1268 169 1346
1556 1258 1478 1258 1478 1309
341 546 342 546 342 464 403 464
1958 135 1971 135 1971 227 1976 227 1976 245
1504 848 1542 848 1542 913
56 1153 56 1152 61 1152 61 1151 175 1151
549 1826 550 1826 550 1916 567 1916
1318 1306 1283 1306 1283 1276
1239 87 1239 18 1234 18 1234 15 1142 15
1283 1171 1284 1171 1284 1099 1322 1099 1322 1079
1298 60 1298 26 1408 26 1408 25
938 551 937 551 937 481 936 481
1977 640 1977 616 1889 616 1889 584
1394 1922 1406 1922 1406 1952 1421 1952
1324 1167 1328 1167 1328 1266
815 462 843 462 843 353
768 351 768 352 848 352 848 354
356 990 356 1002 354 1002 354 1052 350 1052
406 627 382 627 382 565 373 565
304 1580 349 1580 349 1617 389 1617
1263 1103 1255 1103 1255 997 1233 997
1650 1105 1650 1121 1673 1121 1673 1139
36 827 37 827 37 882 133 882
366 1106 389 1106 389 985 486 985
1549 358 1530 358 1530 290 1431 290
163 42 163 27 171 27 171 26 283 26
1700 1715 1701 1715 1701 1730 1737 1730
1232 1744 1232 1672 1261 1672 1261 1651 1352 1651
964 1338 1044 1338 1044 1366
648 823 648 829 692 829 692 853 712 853
1419 923 1420 923 1420 1017 1430 1017
279 1076 263 1076 263 972 201 972
2036 1384 2036 1335 1954 1335 1954 1326
706 1390 706 1458 683 1458 683 1517
1874 1578 1874 1550 1791 1550 1791 1464 1770 1464
592 989 578 989 578 1043 533 1043 533 1064
230 442 213 442 213 529 202 529
1911 803 1910 803 1910 930 1893 930
1626 294 1618 294 1618 297
1467 330 1482 330 1482 398 1522 398 1522 417
193 1785 90 1785 90 1848 82 1848 82 1870
1610 1895 1611 1895 1611 1801 1653 1801
543 1594 575 1594 575 1644 605 1644
1477 164 1470 164 1470 193 1437 193
854 1884 854 1858 809 1858 809 1771 796 1771
191 1947 191 1863 138 1863 138 1825
656 1037 656 1099 566 1099 566 1163 550 1163
1354 615 1354 595 1461 595 1461 518
68 1604 171 1604 171 1540 181 1540
1564 365 1565 365 1565 396 1649 396 1649 434
1625 373 1644 373 1644 318 1651 318 1651 304
715 742 715 700 812 700 812 665
1241 1891 1242 1891 1242 1920 1263 1920
456 1459 459 1459 459 1463 516 1463 516 1468
476 1404 476 1390 486 1390 486 1383 522 1383
965 754 965 669 916 669 916 648 845 648
902 1436 902 1313 987 1313 987 1311
1698 790 1698 757 1680 757 1680 712 1669 712
646 1054 616 1054 616 975 614 975 614 926
1479 1573 1483 1573 1483 1539 1555 1539 1555 1508
370 515 370 492 321 492 321 406 254 406
1658 583 1683 583 1683 651 1690 651 1690 662
1852 96 1853 96 1853 67 1946 67
338 214 338 192 401 192 401 103 427 103
632 470 618 470 618 460
1220 640 1196 640 1196 589
794 75 794 76 803 76 803 177 875 177
785 276 785 277 751 277 751 288 730 288
1399 466 1399 410 1410 410 1410 371 1449 371
825 272 930 272 930 280
191 1956 275 1956 275 1923 311 1923
1386 747 1370 747 1370 715
1980 1705 1917 1705 1917 1704
671 1644 641 1644 641 1630 638 1630
202 1138 203 1138 203 1216 210 1216
97 1142 143 1142 143 1263
1334 1648 1334 1643 1333 1643 1333 1637 1330 1637
1249 1235 1249 1163 1278 1163 1278 1151
234 799 234 815 191 815 191 879 173 879
457 5 457 98 494 98 494 111
494 1428 494 1405 411 1405 411 1396
1892 868 1971 868 1971 877
990 22 942 22 942 140 913 140
1845 2042 1879 2042 1879 1972 1962 1972 1962 1953
272 1652 308 1652 308 1609 348 1609
548 195 511 195 511 157 425 157 425 108
274 202 275 202 275 178 319 178
941 714 948 714 948 683 1028 683
1311 416 1196 416 1196 320
1484 2018 1610 2018 1610 2015
1156 1212 1162 1212 1162 1147 1236 1147
1465 15 1439 15 1439 102 1394 102
1695 1526 1695 1461 1679 1461 1679 1403 1677 1403
547 849 640 849 640 813 672 813
819 1770 819 1751 798 1751 798 1719 789 1719
1861 1624 1861 1532 1948 1532 1948 1523
957 1218 957 1293 1018 1293 1018 1326
990 1495 1074 1495 1074 1491 1075 1491
1413 140 1442 140 1442 139 1458 139 1458 105
329 463 340 463 340 355 343 355 343 345
306 1542 296 1542 296 1627 273 1627
1794 861 1844 861 1844 910 1867 910
73 1731 51 1731 51 1623 30 1623
422 990 422 986 501 986 501 917
1892 171 1893 171 1893 161 1919 161
1742 1359 1743 1359 1743 1251 1758 1251
1993 886 1994 886 1994 970 2033 970
37 1336 28 1336 28 1420
1325 1131 1338 1131 1338 1030 1445 1030
809 1317 809 1284 935 1284 935 1252
912 281 912 352 894 352 894 378
1964 2032 1986 2032 1986 1990
1657 35 1665 35 1665 62 1744 62
1183 724 1184 724 1184 694 1229 694
1996 140 1996 99 1884 99 1884 66
1742 1174 1818 1174 1818 1185 1833 1185
1475 1433 1475 1429 1458 1429 1458 1426 1448 1426
1949 1182 1926 1182 1926 1079 1918 1079 1918 1078
47 245 53 245 53 240 61 240 61 226
693 61 656 61 656 15 655 15
1893 38 1880 38 1880 44 1848 44 1848 148
875 375 876 375 876 364 954 364
1302 75 1302 14 1342 14
480 1734 445 1734 445 1716
238 1325 239 1325 239 1237 271 1237
714 165 726 165 726 110
834 23 786 23 786 75
532 1539 463 1539 463 1422
892 1724 892 1670 794 1670
1457 1460 1407 1460 1407 1509 1377 1509
128 1075 128 1002 102 1002 102 955 72 955
1734 1530 1734 1526 1786 1526 1786 1523 1789 1523
1294 1236 1295 1236 1295 1260 1372 1260
96 1055 101 1055 101 959 139 959
1420 1946 1420 1928 1414 1928 1414 1838 1380 1838
1062 319 1062 318 1032 318 1032 314 956 314
973 1209 1045 1209 1045 1187
209 732 209 701 142 701 142 690 140 690
1244 1561 1245 1561 1245 1619 1254 1619 1254 1648
1930 2019 1860 2019 1860 1953
270 665 270 575 330 575 330 564
205 1885 205 1891 102 1891 102 1962 88 1962
194 353 195 353 195 263 218 263
1443 812 1443 864 1537 864 1537 908 1545 908
1204 508 1086 508 1086 507
1395 175 1395 157 1459 157 1459 99 1482 99
728 1217 723 1217 723 1127 683 1127
612 468 612 589 669 589 669 592 688 592
1308 958 1322 958 1322 934
202 554 221 554 221 454
1373 1232 1349 1232 1349 1131
1819 641 1817 641 1817 525
619 1673 619 1674 688 1674 688 1714 718 1714
2041 679 2041 565 1968 565 1968 558
1358 1005 1379 1005 1379 1092
510 1915 510 1882 575 1882 575 1829 632 1829
1107 1846 1092 1846 1092 1781 985 1781 985 1772
1503 731 1545 731 1545 808
8 1966 8 1877 65 1877 65 1845
1844 1055 1798 1055 1798 1070
1278 634 1278 601 1276 601 1276 520 1272 520
871 1446 881 1446 881 1432
720 1657 722 1657 722 1707
1950 281 1960 281 1960 297 1961 297 1961 329
1213 1283 1216 1283 1216 1285
1058 1778 986 1778 986 1684 943 1684 943 1672
1486 288 1422 288 1422 341 1409 341 1409 409
1882 1458 1883 1458 1883 1506 1981 1506
655 1118 679 1118 679 1040 755 1040
43 1423 43 1543 105 1543 105 1551
1131 1238 1090 1238 1090 1236
68 317 97 317 97 313
782 684 758 684 758 648
14 1121 15 1121 15 1088
940 562 1018 562 1018 554 1067 554 1067 482
1456 884 1416 884 1416 872 1405 872
989 1688 989 1741 1098 1741 1098 1774 1106 1774
1510 585 1506 585 1506 627 1446 627
95 13 87 13 87 94 86 94
208 700 314 700 314 713
1798 259 1783 259 1783 279
1499 1591 1499 1573 1498 1573 1498 1568
1313 1812 1313 1797 1392 1797 1392 1749
678 1024 648 1024 648 1085 592 1085
543 783 543 850 587 850 587 872 652 872
1330 332 1316 332 1316 212 1307 212
540 867 540 811 427 811 427 800
1839 163 1850 163 1850 167
1069 1476 1096 1476 1096 1446 1170 1446
126 86 152 86 152 214 165 214
490 664 444 664 444 628 381 628 381 618
464 788 473 788 473 780 579 780 579 770
568 359 544 359 544 319 503 319
1868 1742 1808 1742 1808 1825 1806 1825
2000 1965 1963 1965 1963 2021 1936 2021
1494 1796 1525 1796 1525 1689 1600 1689 1600 1672
804 1061 804 1088 681 1088 681 1147
1927 1827 1903 1827 1903 1821 1846 1821 1846 1793
892 1348 881 1348 881 1328 874 1328 874 1244
2000 563 1970 563 1970 509 1872 509
1183 1101 1252 1101 1252 1127
2009 914 1995 914 1995 904
405 1158 408 1158 408 1194
417 1576 437 1576 437 1570
196 1024 137 1024 137 1014
1040 1655 1123 1655 1123 1537 1125 1537
1336 1191 1336 1215 1308 1215 1308 1255
1922 1436 1799 1436 1799 1531
1277 705 1277 680 1390 680 1390 667
1392 646 1392 616 1281 616 1281 606
384 1484 367 1484 367 1507 363 1507 363 1518
813 166 893 166 893 105 940 105
1793 533 1794 533 1794 540 1910 540
907 1396 903 1396 903 1459 872 1459
822 1624 882 1624 882 1569 934 1569 934 1546
1334 1980 1335 1980 1335 1995 1356 1995
1083 680 1110 680 1110 799 1133 799
1509 1664 1484 1664 1484 1625
1482 1571 1482 1538 1535 1538 1535 1506
196 1019 196 935 248 935 248 931
1640 1077 1628 1077 1628 1129 1627 1129
1423 993 1424 993 1424 1016 1526 1016
1694 1573 1685 1573 1685 1528 1599 1528 1599 1515
30 1830 70 1830 70 1878 146 1878 146 1889
1498 456 1515 456 1515 428
1824 1434 1824 1514 1848 1514 1848 1532
45 1021 90 1021 90 972 100 972
863 1583 863 1546 877 1546 877 1503 895 1503
1394 1921 1270 1921 1270 1924
1178 1509 1178 1488 1074 1488 1074 1389 1071 1389
1939 1717 1924 1717 1924 1706 1905 1706 1905 1705
387 1849 370 1849 370 1773 325 1773
1531 443 1531 427 1483 427 1483 372 1442 372
14 575 14 580 76 580 76 600
1525 196 1485 196 1485 218 1428 218
1511 1267 1511 1299 1534 1299 1534 1346 1582 1346
285 266 285 294 329 294 329 303
1176 1429 1181 1429 1181 1454
823 520 778 520 778 612
739 1145 806 1145 806 1217 815 1217 815 1249
1343 1855 1311 1855 1311 1873 1294 1873 1294 1900
1649 1595 1639 1595 1639 1608 1562 1608
766 219 766 166 701 166 701 115
1866 1544 1909 1544 1909 1601 1937 1601
1043 653 1051 653 1051 715 1059 715 1059 716
1248 176 1248 175 1226 175 1226 169 1163 169
1809 918 1809 919 1795 919 1795 929
1597 359 1597 364 1566 364 1566 408 1537 408
1230 1012 1171 1012 1171 962 1136 962
491 1642 491 1622 489 1622 489 1613 488 1613
21 407 27 407 27 324 28 324 28 323
1898 729 1898 730 1985 730 1985 737
1023 333 1000 333 1000 446
261 1375 261 1406 247 1406 247 1492
1243 704 1229 704 1229 681 1191 681 1191 645
1575 674 1492 674 1492 662 1479 662 1479 653
1198 1994 1198 1940 1112 1940 1112 1894
1695 1398 1695 1399 1694 1399 1694 1509
1826 1170 1835 1170 1835 1232 1922 1232 1922 1295
955 1683 966 1683 966 1601 970 1601
406 200 406 165 348 165 348 153 286 153
934 1565 934 1512 860 1512 860 1491 824 1491
927 1667 922 1667 922 1589
205 87 205 83 200 83 200 78 86 78
2024 877 1973 877 1973 932
1347 1412 1317 1412 1317 1414 1235 1414 1235 1415
64 550 103 550 103 677 158 677
106 872 99 872 99 810
47 830 130 830 130 862 154 862
1875 1543 1961 1543 1961 1525
390 830 368 830 368 955 283 955
1677 502 1677 477 1711 477 1711 427 1726 427
710 1583 710 1580 700 1580 700 1578 682 1578
791 2001 791 1959 789 1959 789 1899
1789 291 1779 291 1779 220 1737 220
1953 1299 1967 1299 1967 1229 1969 1229
90 133 46 133 46 21 15 21
1843 1698 1789 1698 1789 1605 1725 1605 1725 1602
1861 1293 1861 1303 1845 1303 1845 1310 1809 1310
856 81 761 81 761 131
848 684 848 733 898 733 898 805 950 805
1369 1252 1329 1252 1329 1278 1294 1278 1294 1282
1252 1273 1223 1273 1223 1262 1127 1262
386 1450 386 1458 432 1458 432 1549
2017 257 2027 257 2027 252 2029 252
818 669 904 669 904 680
173 1087 173 1130 176 1130 176 1183 177 1183
1685 904 1564 904 1564 798 1560 798
664 582 692 582 692 476
1856 1656 1875 1656 1875 1550 1971 1550
320 411 317 411 317 460 231 460 231 484
494 1125 494 1139 417 1139 417 1151 381 1151
543 357 475 357 475 256 474 256
1937 988 1937 1004 1828 1004 1828 1009 1824 1009
2002 473 2010 473 2010 437 2041 437 2041 349
491 742 446 742 446 731 437 731 437 709
1239 1696 1278 1696 1278 1801 1310 1801
431 1323 421 1323 421 1399
2002 319 2002 238 1951 238 1951 200
1041 1693 1050 1693 1050 1691 1051 1691 1051 1609
1477 728 1443 728 1443 612 1401 612
154 978 185 978 185 1020 254 1020 254 1071
424 68 496 68 496 59 550 59 550 52
70 451 70 371 66 371 66 369
528 467 480 467 480 527 443 527
1758 825 1758 804 1834 804 1834 769 1862 769
980 1185 980 1151 873 1151 873 1137
1032 721 1032 731 946 731 946 747
1577 2032 1654 2032 1654 1963
1232 760 1232 773 1134 773 1134 810 1121 810
1935 1093 1964 1093 1964 1004 1968 1004
1846 1905 1796 1905 1796 1950 1769 1950
507 1427 524 1427 524 1347
179 1804 180 1804 180 1862 268 1862
1837 478 1883 478 1883 383 1908 383 1908 368
1812 843 1744 843 1744 879 1711 879
490 1504 490 1516 602 1516 602 1533
613 925 613 877 542 877 542 810 485 810
191 638 203 638 203 643
790 999 725 999 725 935 710 935
1527 44 1449 44 1449 66
504 1478 543 1478 543 1512 569 1512
806 1361 806 1384 830 1384 830 1480 871 1480
846 632 808 632 808 619 735 619
1360 1613 1360 1664 1361 1664 1361 1681 1386 1681
1562 574 1562 593 1511 593 1511 664
1158 125 1142 125 1142 42 1141 42
999 841 999 825 952 825 952 723 907 723
535 649 535 653 532 653 532 658
1415 1706 1524 1706 1524 1719
452 1896 452 1979 424 1979 424 2020 362 2020
365 1186 365 1210 459 1210 459 1290
5 1663 50 1663 50 1704
1085 118 1085 154 1049 154 1049 237
3 716 3 613 34 613
1843 1684 1844 1684 1844 1720 1930 1720
1941 709 1941 780 1934 780 1934 807 1918 807
1787 1676 1788 1676 1788 1779 1794 1779
648 844 639 844 639 758 636 758
1608 200 1550 200 1550 225 1493 225
585 1875 585 1877 655 1877 655 1967 673 1967
32 510 18 510 18 511
1126 1504 1104 1504 1104 1526 1021 1526 1021 1544
747 1029 669 1029 669 1027
2027 466 2027 522 2018 522 2018 562 2000 562
968 847 969 847 969 868 1002 868
1969 970 1963 970 1963 935 1961 935
1496 1905 1496 1878 1500 1878 1500 1872 1501 1872
62 1313 62 1319 81 1319 81 1368
1476 1839 1571 1839 1571 1835
12 1160 135 1160 135 1164
1688 36 1670 36 1670 12 1614 12
1619 1163 1627 1163 1627 1151
1268 1129 1282 1129 1282 1174 1343 1174 1343 1213
1517 1337 1420 1337 1420 1308 1392 1308
916 750 925 750 925 736
1892 899 1892 923 1784 923 1784 1020
1205 1898 1219 1898 1219 1980
32 1277 99 1277 99 1234 124 1234 124 1223
1038 360 1065 360 1065 410 1129 410
554 38 551 38 551 90 467 90
60 1581 60 1546 90 1546
149 226 149 138 119 138 119 123
583 793 509 793 509 794
1376 512 1377 512 1377 522 1408 522 1408 538
1090 355 984 355 984 375
621 1524 632 1524 632 1457 693 1457 693 1407
1144 1690 1151 1690 1151 1720 1216 1720 1216 1793
1717 1398 1615 1398 1615 1413
1146 1783 1273 1783 1273 1781
405 1588 410 1588 410 1601
177 1632 177 1633 261 1633 261 1698
1167 122 1274 122 1274 119
746 1686 746 1713 769 1713 769 1755
1079 895 1071 895 1071 902
1909 1268 1909 1300 1983 1300 1983 1334
929 473 931 473 931 425
698 639 699 639 699 697 764 697
513 1611 513 1577 596 1577 596 1566 603 1566
1132 371 1132 367 1255 367 1255 357
136 1897 136 1977 137 1977 137 1991 147 1991
389 19 389 69 365 69 365 116 338 116
511 1154 613 1154 613 1138
400 86 396 86 396 172 329 172 329 206
1796 918 1796 912 1878 912 1878 823 1879 823
453 399 453 367 419 367 419 323
1801 526 1819 526 1819 578 1840 578 1840 634
150 564 150 526 189 526 189 497 200 497
1360 1922 1360 2003 1312 2003 1312 2008
703 1482 704 1482 704 1491 737 1491
802 1805 802 1787 776 1787 776 1762 775 1762
33 1769 72 1769 72 1871 124 1871
272 1570 180 1570 180 1599
252 1129 251 1129 251 1157 210 1157
1915 583 1915 577 1823 577 1823 551
63 715 64 715 64 735 66 735 66 792
257 629 258 629 258 748 268 748
1555 368 1560 368 1560 450 1564 450 1564 455
758 96 745 96 745 72 679 72 679 48
154 84 154 100 182 100 182 201 220 201
740 1591 740 1527 738 1527 738 1498
1517 462 1491 462 1491 510 1455 510
215 963 228 963 228 1014 299 1014 299 1028
1669 673 1669 711 1665 711 1665 736 1660 736
1010 157 1016 157 1016 215
505 1902 505 1974 502 1974 502 2003 484 2003
600 202 600 141 526 141 526 117 488 117
1979 98 1979 37 1896 37
1526 544 1561 544 1561 592
1984 162 1984 185 1937 185 1937 189 1920 189
996 1090 1028 1090 1028 1067
1649 938 1524 938 1524 897
1869 1092 1874 1092 1874 1051
343 1987 281 1987 281 1907
1041 834 1024 834 1024 832 987 832
253 901 253 832 194 832 194 818
668 160 648 160 648 258 640 258
441 1073 347 1073 347 993
1446 478 1398 478 1398 403 1354 403
1732 955 1713 955 1713 915
13 1926 13 1998 84 1998 84 2024 87 2024
1196 1395 1094 1395 1094 1463 1068 1463
725 173 714 173 714 177 682 177
1045 540 1056 540 1056 541
1305 748 1386 748 1386 784
1799 1102 1799 1098 1798 1098 1798 1051 1797 1051
591 474 714 474 714 440
260 542 300 542 300 430
1472 1933 1472 1962 1421 1962 1421 2001
1965 1613 1965 1602 1907 1602 1907 1552 1889 1552
733 46 658 46 658 124 637 124 637 149
1111 1174 1083 1174 1083 1252
514 1206 514 1219 497 1219 497 1293 429 1293
1982 347 1997 347 1997 260
1022 1404 1061 1404 1061 1348 1093 1348
1504 1537 1504 1515 1425 1515 1425 1448 1376 1448
1697 1905 1772 1905 1772 1906 1778 1906 1778 1908
576 755 550 755 550 685 525 685
1530 196 1530 197 1492 197 1492 255
1921 1727 1921 1764 1922 1764 1922 1767 1936 1767
792 481 792 368 730 368 730 357
1113 694 1150 694 1150 641 1231 641 1231 635
1694 984 1765 984 1765 937 1792 937 1792 886
1319 859 1343 859 1343 903
1424 81 1424 101 1312 101 1312 109
1709 1527 1803 1527 1803 1531 1827 1531 1827 1535
1787 1203 1787 1210 1794 1210 1794 1244 1799 1244
541 1906 642 1906 642 1905 653 1905 653 1903
1661 1105 1642 1105 1642 1001 1559 1001 1559 980
1009 1986 998 1986 998 1980 959 1980 959 1902
373 251 415 251 415 169 466 169
376 722 349 722 349 706
603 1158 591 1158 591 1117 588 1117
1337 2034 1375 2034 1375 2038
1518 1192 1516 1192 1516 1238 1513 1238 1513 1298
1193 1748 1194 1748 1194 1795 1261 1795
567 1776 547 1776 547 1734
649 1018 649 940 699 940 699 907 703 907
1121 526 1070 526 1070 556
764 801 766 801 766 813 793 813
111 198 50 198 50 197 16 197 16 196
523 1182 523 1200 441 1200 441 1269
985 141 985 147 963 147 963 229
828 294 828 302 944 302 944 399 947 399
1056 1243 1056 1206 1063 1206 1063 1152 1161 1152
1052 1058 1052 1032 1145 1032 1145 1021
508 1793 518 1793 518 1865 519 1865 519 1881
655 1376 655 1413 540 1413 540 1458 535 1458
1035 1502 1035 1423 1034 1423
198 1296 198 1303 225 1303 225 1312 272 1312
921 1370 845 1370 845 1445 804 1445 804 1460
1462 1555 1458 1555 1458 1637 1456 1637 1456 1665
237 1876 300 1876 300 1803 314 1803
1028 36 993 36 993 116 935 116
204 290 270 290 270 279
1396 146 1397 146 1397 107 1437 107
470 192 470 196 588 196 588 271
1630 636 1615 636 1615 669 1584 669 1584 700
1335 1916 1335 1901 1413 1901 1413 1859
557 376 575 376 575 318 633 318
580 280 580 286 498 286 498 353 495 353
943 377 943 383 893 383 893 491
386 1321 387 1321 387 1344 479 1344
1473 1300 1473 1371 1392 1371 1392 1414 1374 1414
1619 757 1619 802 1586 802 1586 813 1569 813
838 1241 838 1271 789 1271 789 1342
1320 1580 1268 1580 1268 1652
527 906 596 906 596 879
976 485 976 474 910 474 910 445
1816 1670 1795 1670 1795 1697 1702 1697 1702 1721
1474 317 1451 317 1451 332
134 2008 101 2008 101 1975
536 384 536 455 644 455 644 463
1570 636 1570 665 1494 665 1494 731 1473 731
651 1353 656 1353 656 1389 728 1389
659 381 659 485 635 485 635 498 545 498
1304 679 1304 561 1370 561 1370 560
1937 454 1937 455 1859 455 1859 459 1828 459
778 1120 879 1120 879 1087
1068 1919 1068 1922 1096 1922 1096 1967 1105 1967
1242 168 1212 168 1212 127 1198 127
564 1780 481 1780 481 1681 474 1681
2021 342 2021 408 1928 408 1928 415 1911 415
1637 167 1678 167 1678 221 1698 221
1761 1837 1746 1837 1746 1925 1698 1925
1555 364 1522 364 1522 385
1299 1407 1300 1407 1300 1310 1302 1310 1302 1288
0 298 0 357 4 357 4 374 5 374
2012 1169 1990 1169 1990 1222 1922 1222 1922 1230
51 129 51 114 151 114 151 112
1699 1122 1740 1122 1740 1146 1758 1146
1181 21 1217 21
869 1984 946 1984 946 2025
1901 925 1901 922 1776 922 1776 905
177 878 177 858 131 858 131 799 122 799
1602 30 1582 30 1582 116 1570 116
916 433 934 433 934 462
1878 54 1834 54 1834 122
565 1701 572 1701 572 1750
1397 1046 1397 965 1295 965 1295 950 1293 950
1021 204 1045 204 1045 126
169 1261 170 1261 170 1358 287 1358
1167 306 1182 306 1182 314 1216 314 1216 392
1877 891 1877 834 1756 834 1756 804 1752 804
1251 529 1264 529 1264 594 1371 594
1674 23 1674 8 1628 8 1628 6 1606 6
1564 1973 1542 1973 1542 2001
274 1661 350 1661 350 1541 374 1541
1535 473 1535 558 1496 558 1496 567 1431 567
1056 393 1055 393 1055 433 1038 433 1038 441
1949 568 1931 568 1931 563 1824 563
1329 1225 1330 1225 1330 1273 1453 1273 1453 1350
1783 1382 1783 1316 1868 1316 1868 1302
134 857 192 857 192 816 232 816 232 801
1975 603 1975 606 1927 606 1927 612 1849 612
1395 991 1322 991 1322 1024 1308 1024 1308 1098
1859 852 1807 852 1807 857 1798 857
187 845 190 845 190 749 311 749 311 740
1399 95 1376 95 1376 96 1331 96 1331 100
1215 1557 1126 1557 1126 1531 1120 1531
873 598 873 633 829 633 829 689
1511 1334 1568 1334 1568 1304
1157 464 1190 464 1190 512
1742 2003 1698 2003 1698 1978 1697 1978
1590 1393 1590 1407 1474 1407 1474 1421
728 1744 728 1756 815 1756 815 1827 852 1827
1276 1162 1276 1137 1340 1137 1340 1100 1389 1100
1511 304 1519 304 1519 392
1832 1731 1893 1731 1893 1859
1117 1434 1118 1434 1118 1425 1179 1425
1322 1399 1322 1369 1368 1369 1368 1305 1398 1305
422 1512 422 1523 404 1523 404 1530 399 1530
1992 1682 2004 1682 2004 1597 2010 1597
1171 371 1171 398 1167 398 1167 433 1158 433
1940 961 1895 961 1895 1067 1886 1067
1562 47 1475 47 1475 57
152 1875 147 1875 147 1890 96 1890
1344 1650 1353 1650 1353 1673 1457 1673
846 1214 846 1220 763 1220 763 1226 722 1226
2002 1564 1999 1564 1999 1512 1944 1512
1402 1292 1305 1292 1305 1294 1296 1294
33 2003 33 1970 118 1970 118 1926 136 1926
668 482 694 482 694 522 719 522
1410 1154 1409 1154 1409 1125
786 551 839 551 839 504 903 504 903 434
1026 1524 1103 1524 1103 1401 1131 1401
612 639 612 597 686 597 686 588
899 204 906 204 906 242
1104 366 1115 366 1115 316 1176 316
1196 1311 1196 1234 1244 1234 1244 1199
238 437 292 437 292 501
797 687 807 687 807 627
234 1011 255 1011 255 1111 262 1111
1966 633 1966 641 1984 641 1984 713 2028 713
295 871 295 831 206 831 206 822
1370 319 1335 319 1335 356 1285 356
1913 765 1955 765 1955 720 1980 720 1980 656
878 814 908 814 908 871
1388 1095 1370 1095 1370 1072 1357 1072 1357 1045
696 632 660 632 660 748
530 711 536 711 536 701
613 95 621 95 621 172 692 172
136 220 13 220 13 243
16 1293 16 1297 120 1297 120 1316
2038 880 2025 880 2025 767 1987 767
761 1101 816 1101 816 1067 824 1067 824 981
1623 185 1624 185 1624 148 1670 148
638 261 638 287 534 287 534 378 519 378
345 1675 422 1675 422 1672 430 1672
255 1866 255 1813 316 1813 316 1769 366 1769
1884 459 1884 462 1958 462 1958 502
861 1823 901 1823 901 1829 944 1829 944 1867
1062 1124 1087 1124 1087 1224 1105 1224
765 1258 765 1179 752 1179 752 1149 740 1149
1717 222 1778 222 1778 257
1134 1158 1135 1158 1135 1260 1180 1260
750 265 732 265 732 257
1294 964 1275 964 1275 853 1261 853
1573 1742 1576 1742 1576 1722 1580 1722 1580 1695
534 206 528 206 528 143 463 143
907 1467 876 1467 876 1545
552 1184 595 1184 595 1159 621 1159 621 1153
1414 410 1414 512 1458 512 1458 536
1090 1400 1090 1405 1023 1405 1023 1484 1007 1484
1892 1908 1847 1908 1847 1896 1839 1896
916 290 931 290 931 230 966 230
1882 428 1882 407 1857 407 1857 403 1855 403
906 343 849 343 849 469 805 469
604 1700 573 1700 573 1806 532 1806
352 1883 387 1883 387 1920 433 1920
1053 875 1053 937 1062 937 1062 950 1087 950
711 1323 751 1323 751 1276
1407 1132 1407 1141 1292 1141 1292 1173
174 1542 174 1546 221 1546 221 1557
1038 1551 945 1551 945 1632 944 1632
1214 1594 1202 1594 1202 1710 1145 1710
1825 1761 1837 1761 1837 1736
374 248 407 248 407 187 414 187
572 53 572 112 449 112 449 167
1073 1492 1073 1482 1051 1482
1544 1184 1545 1184 1545 1211 1643 1211
1442 560 1449 560 1449 532
1099 1008 1170 1008 1170 981
496 1290 496 1292 382 1292 382 1411
974 1499 853 1499 853 1572
1833 897 1833 911 1948 911 1948 927
383 171 349 171 349 145 348 145
1925 1176 1875 1176 1875 1160
466 1975 411 1975 411 1962
1712 1423 1730 1423 1730 1366 1799 1366
1891 130 1891 172 1917 172 1917 186
274 1434 275 1434 275 1332 284 1332
686 103 686 139 718 139 718 150
1926 1319 1921 1319 1921 1348
947 1317 947 1312 840 1312 840 1288
1102 1880 1099 1880 1099 1876 1094 1876 1094 1855
794 1884 708 1884 708 1843
1805 647 1773 647 1773 534 1709 534
23 629 121 629 121 636 141 636 141 705
503 51 573 51 573 73 580 73
640 1633 618 1633 618 1588 567 1588
1373 729 1413 729 1413 718 1434 718 1434 651
1692 1555 1692 1527 1646 1527 1646 1505
1933 1621 1933 1614 1985 1614 1985 1611
1357 665 1391 665 1391 710 1415 710
947 1011 952 1011 952 1096 1067 1096
589 1080 666 1080 666 1061
1498 1445 1511 1445 1511 1404 1548 1404 1548 1382
1176 241 1176 216 1156 216 1156 150
148 1494 140 1494 140 1601
1478 9 1478 17 1444 17 1444 126
756 710 756 714 746 714 746 743
1073 1885 1087 1885 1087 1797 1096 1797 1096 1768
1810 234 1810 260 1791 260 1791 338 1729 338
1645 101 1606 101 1606 17
1919 1390 1964 1390 1964 1347 2018 1347
282 307 198 307 198 337 159 337 159 348
1171 89 1171 145 1118 145 1118 213 1103 213
1793 1454 1793 1398 1773 1398 1773 1364 1739 1364
102 814 211 814 211 763
681 538 629 538 629 581 577 581 577 597
185 1889 185 1957 215 1957 215 2012 313 2012
1989 1550 1972 1550 1972 1521 1956 1521
557 662 585 662 585 582 659 582 659 570
92 469 95 469 95 436 212 436 212 361
1194 1134 1194 1102 1096 1102 1096 1037 1095 1037
1698 928 1660 928 1660 919 1583 919
1195 1011 1321 1011 1321 1023
623 1291 610 1291 610 1304 555 1304
48 1441 48 1455 159 1455 159 1547
255 1507 223 1507 223 1438 166 1438
567 436 567 377 615 377 615 337
546 533 483 533 483 536
1742 1661 1692 1661 1692 1700
1560 1969 1442 1969 1442 1970
592 1882 592 1905 539 1905 539 1943 479 1943
861 684 874 684 874 573 925 573 925 572
843 1498 843 1392 841 1392 841 1370 832 1370
1969 801 1969 856 1879 856 1879 921 1861 921
1720 575 1630 575 1630 559
587 670 500 670 500 565 462 565
28 1335 28 1289 107 1289 107 1259
987 623 987 638 951 638 951 668 945 668
711 1536 711 1519 799 1519 799 1439
1975 851 1990 851 1990 868
1466 1190 1455 1190 1455 1077 1454 1077
197 1464 222 1464 222 1568 253 1568
386 1904 371 1904 371 2005
442 144 339 144 339 130 333 130 333 105
617 1753 617 1773 591 1773 591 1854
479 490 442 490 442 558 412 558 412 600
677 1673 677 1783 623 1783 623 1785 616 1785
1209 113 1209 168 1211 168 1211 191 1233 191
401 1088 403 1088 403 1001 419 1001
1481 1507 1438 1507 1438 1434 1380 1434
1097 1256 1073 1256 1073 1207 988 1207 988 1163
1174 813 1174 814 1074 814 1074 885
1650 1167 1564 1167 1564 1248
867 286 872 286 872 266 875 266 875 265
1841 1578 1841 1657 1875 1657 1875 1678
57 456 51 456 51 423 48 423
396 434 398 434 398 410 400 410 400 361
1819 1143 1819 1146 1759 1146 1759 1150 1729 1150
1666 809 1642 809 1642 716 1591 716
1742 1236 1746 1236 1746 1237
785 803 785 701 836 701 836 687
1377 1910 1424 1910 1424 1783 1432 1783
351 667 351 659 340 659 340 617 305 617
1075 120 1001 120 1001 149 999 149
1239 2043 1140 2043 1140 1969
64 694 65 694 65 613 91 613
290 825 379 825 379 818
688 226 626 226 626 190
1730 990 1730 1085 1775 1085 1775 1111 1850 1111
340 236 350 236 350 193 400 193 400 163
1818 9 1825 9 1825 123 1860 123 1860 131
603 1634 586 1634 586 1524 574 1524
1177 1077 1177 1055 1199 1055 1199 1013 1206 1013
2005 831 2011 831 2011 828 2017 828 2017 808
1088 1065 1088 1120 1091 1120 1091 1157 1095 1157
1886 1397 1949 1397 1949 1459
1871 122 1862 122 1862 41 1860 41
207 219 270 219 270 251 301 251 301 293
1735 1885 1687 1885 1687 2013
695 102 701 102 701 69
1835 362 1836 362 1836 431 1908 431
1703 1849 1703 1857
1038 381 1029 381 1029 434 967 434 967 443
1608 230 1550 230 1550 312
275 1722 298 1722 298 1704
685 1740 685 1759 614 1759 614 1770 580 1770
616 1098 616 1090 647 1090 647 1023
304 465 304 514 272 514 272 537 241 537
2047 728 2033 728 2033 668 1985 668 1985 601
959 1480 1006 1480 1006 1362 1022 1362
327 735 327 696 401 696 401 644 430 644
522 1742 523 1742 523 1756 617 1756
741 1729 784 1729 784 1773 797 1773
1 1876 61 1876 61 1849
1095 86 1115 86 1115 132 1117 132 1117 185
1517 1817 1529 1817 1529 1831 1584 1831 1584 1931
213 1652 213 1653 217 1653 217 1656 226 1656
1084 497 1084 509 1122 509 1122 580 1152 580
2018 1839 1979 1839 1979 1887 1928 1887
1743 1199 1735 1199 1735 1248 1669 1248 1669 1267
1664 545 1664 554 1707 554 1707 557 1772 557
1178 294 1085 294 1085 167 1051 167
101 1710 101 1701 92 1701 92 1671 91 1671
1239 23 1227 23 1227 59 1169 59 1169 144
351 1603 391 1603 391 1649
1649 412 1645 412 1645 484 1524 484 1524 501
721 1351 651 1351 651 1341
1853 1286 1854 1286 1854 1214 1912 1214
604 76 604 83 625 83 625 100 654 100
1995 953 2035 953 2035 936
1929 280 1913 280 1913 388 1910 388
1231 1228 1231 1146 1133 1146 1133 1117
1612 955 1612 981 1646 981 1646 1070 1661 1070
613 737 613 770 616 770 616 812 650 812
834 752 837 752 837 674 869 674
1085 817 1085 859 1098 859 1098 887 1211 887
1529 100 1483 100 1483 214 1451 214
742 1050 811 1050 811 1081 863 1081 863 1117
52 328 30 328 30 211 26 211
291 1335 310 1335 310 1400 334 1400
1574 554 1574 560 1476 560 1476 565
1584 929 1536 929 1536 908
1839 1321 1839 1359 1966 1359 1966 1426
824 1443 789 1443 789 1517 716 1517
584 46 581 46 581 134 535 134
333 772 333 736 316 736 316 684
1281 1215 1273 1215 1273 1203 1258 1203
1847 373 1902 373 1902 272 1970 272 1970 246
757 709 732 709 732 790 710 790
1308 39 1309 39 1309 66 1404 66
57 216 37 216 37 103 34 103
1713 369 1713 357 1711 357 1711 243 1681 243
589 1737 662 1737 662 1818 710 1818 710 1863
1956 602 1957 602 1957 529
948 177 1002 177 1002 133 1039 133
373 1396 335 1396 335 1376 281 1376
1388 1530 1296 1530 1296 1460 1290 1460
825 1484 840 1484 840 1513
1022 1265 1022 1327 1085 1327 1085 1339
1824 333 1824 377 1892 377 1892 442 1949 442
1836 984 1836 962 1856 962 1856 916 1933 916
1096 598 1103 598 1103 563
912 1862 908 1862 908 1930 834 1930 834 1974
1833 791 1833 778 1706 778 1706 684
954 1615 956 1615 956 1555 1043 1555
791 404 763 404 763 400
1338 2002 1338 1980 1342 1980 1342 1907 1345 1907
303 91 319 91 319 167 395 167
2029 286 2029 330 1917 330 1917 347
713 1814 736 1814 736 1717 777 1717
303 790 366 790 366 723 405 723 405 663
742 1230 716 1230 716 1219
1311 1128 1337 1128 1337 1052 1367 1052
1780 515 1708 515 1708 567 1666 567
1944 587 1944 517 1935 517 1935 504 1875 504
837 1476 837 1460 932 1460 932 1374
1256 498 1325 498 1325 448
1511 697 1568 697 1568 701 1585 701 1585 717
1822 1522 1800 1522 1800 1603 1737 1603
1787 437 1788 437 1788 468 1859 468
1249 529 1210 529 1210 460 1184 460
181 116 181 126 143 126 143 137 135 137
1360 1789 1360 1740 1284 1740 1284 1732 1232 1732
1372 1471 1372 1491 1316 1491 1316 1512 1244 1512
639 2 639 15 561 15 561 90
1142 1676 1122 1676 1122 1780 1017 1780
243 204 166 204 166 254 152 254
1948 149 1948 106 1844 106 1844 76
1475 1420 1601 1420 1601 1427
1994 1990 2016 1990 2016 2018
1541 1397 1499 1397 1499 1405
1757 2019 1766 2019 1766 2022 1836 2022
946 263 946 309 947 309 947 344
1776 1069 1777 1069 1777 956 1848 956
403 1613 390 1613 390 1619 315 1619
963 1911 963 1835 1077 1835 1077 1812
1156 178 1264 178 1264 174
1400 179 1400 180 1374 180 1374 181 1366 181
2 860 2 894 6 894 6 916 9 916
294 1136 267 1136 267 1226 179 1226
1944 152 1952 152 1952 237 1985 237
1665 1047 1661 1047 1661 1043
1110 1803 1110 1730 1024 1730 1024 1679
1274 865 1240 865 1240 978 1182 978
1456 795 1456 730 1371 730 1371 669 1356 669
1148 1661 1148 1658 1275 1658 1275 1589
833 1684 833 1657 818 1657
925 1650 946 1650 946 1625 964 1625
1978 62 1978 64 1897 64 1897 105
1966 1288 1936 1288 1936 1196 1875 1196
1341 1802 1420 1802 1420 1866 1423 1866
1395 1913 1395 1974 1360 1974 1360 2039 1337 2039
211 282 199 282 199 363 197 363
1202 303 1218 303 1218 358 1240 358 1240 383
895 1822 900 1822 900 1943 901 1943
686 2025 686 2018 690 2018 690 2012 724 2012
600 867 600 749 716 749 716 740
1877 479 1803 479 1803 437
1936 363 1936 389 1846 389 1846 450 1837 450
952 385 952 400 895 400 895 503
905 995 953 995 953 1081 993 1081
1079 1267 1181 1267
1436 1820 1436 1813 1309 1813 1309 1809
1027 1187 1027 1183 993 1183 993 1150 967 1150
1576 1332 1579 1332 1579 1282 1670 1282 1670 1281
1517 394 1563 394 1563 400 1564 400 1564 402
1190 215 1190 193 1178 193 1178 174 1166 174
633 1003 633 1010 704 1010 704 1013 736 1013
1873 1421 1834 1421 1834 1483 1827 1483 1827 1490
226 356 226 327 167 327 167 302 132 302
457 608 383 608 383 480 351 480
668 1148 695 1148 695 1215
1287 352 1274 352 1274 272 1259 272
1998 1551 1995 1551 1995 1631 1915 1631
223 1243 223 1327 222 1327 222 1354 221 1354
1848 2026 1737 2026 1737 2045 1736 2045
549 1491 610 1491 610 1476
1963 1366 1909 1366 1909 1385
63 287 64 287 64 343 66 343 66 350
1169 1073 1147 1073 1147 988 1130 988 1130 949
94 851 94 891 90 891 90 956
1525 1154 1525 1070 1447 1070 1447 1027 1400 1027
1921 615 1922 615 1922 522 1928 522
871 149 892 149 892 102
1609 310 1569 310 1569 203
493 309 454 309 454 434 432 434
1153 476 1153 459 1177 459 1177 447 1183 447
1005 1412 987 1412 987 1339 921 1339 921 1317
1339 1136 1339 1097 1415 1097 1415 1042 1446 1042
1062 835 1062 907 1157 907 1157 946
1434 1140 1420 1140 1420 1196 1414 1196
358 1351 359 1351 359 1261 395 1261
1239 1907 1228 1907 1228 2002
186 750 101 750 101 687 100 687
105 123 112 123 112 62 163 62
1947 633 1954 633 1954 709 1971 709
1278 80 1318 80 1318 204
222 855 237 855 237 851
1854 502 1854 516 1934 516 1934 581
1322 496 1226 496 1226 370
1713 684 1713 686 1736 686 1736 777 1768 777
1512 282 1487 282 1487 318 1462 318 1462 365
575 454 575 400 644 400 644 389
1294 753 1281 753 1281 725
126 1747 126 1757 201 1757 201 1837 227 1837
1574 1900 1546 1900 1546 1912 1535 1912
1345 32 1353 32 1353 94 1381 94
314 302 271 302 271 265 213 265
2031 1049 1933 1049 1933 1053
1217 810 1172 810 1172 813 1105 813 1105 853
431 30 431 36 390 36 390 139 355 139
785 299 785 316 781 316 781 330
391 421 413 421 413 451 497 451 497 532
1380 223 1259 223 1259 244
2026 489 2026 503 1950 503 1950 608 1927 608
792 676 791 676 791 622 678 622
415 1678 360 1678 360 1655
1374 1961 1445 1961 1445 1900 1479 1900
391 206 391 208 290 208 290 250 274 250
192 435 147 435 147 412 122 412 122 351
409 1145 350 1145 350 1099
823 914 798 914 798 800 748 800
1908 1549 1851 1549 1851 1539
1299 1812 1299 1802 1311 1802 1311 1792 1358 1792
1944 303 1930 303 1930 262 1824 262 1824 244
1129 1803 1097 1803 1097 1759 1026 1759
867 1581 867 1584 879 1584 879 1658 886 1658
1305 117 1309 117 1309 173 1311 173
165 1039 236 1039 236 1080 288 1080
691 115 692 115 692 138 768 138
366 216 367 216 367 249 403 249
892 262 892 243 912 243 912 146 978 146
699 1564 699 1534 658 1534 658 1439 642 1439
977 1527 993 1527 993 1617
556 1834 574 1834 574 1782 674 1782 674 1746
876 1241 876 1254 926 1254 926 1311 967 1311
735 1165 735 1112 830 1112 830 1082
1451 958 1451 920 1494 920 1494 851 1563 851
1424 164 1424 194 1541 194 1541 197
313 166 284 166 284 120 224 120 224 111
1853 550 1798 550 1798 580 1786 580 1786 624
861 1159 926 1159 926 1149 985 1149
1415 230 1484 230 1484 161 1529 161
1639 1368 1645 1368 1645 1446 1675 1446
1887 1916 1887 1869 1792 1869 1792 1804 1762 1804
1560 1677 1560 1568 1598 1568 1598 1565
595 1326 622 1326 622 1376
322 829 255 829 255 728 240 728
1827 576 1941 576
513 2021 513 1966 489 1966
1822 1932 1822 2004 1736 2004 1736 2031
984 1542 947 1542 947 1520
2047 1322 2047 1262 2046 1262 2046 1237 2045 1237
85 504 85 432 99 432 99 416 146 416
1916 118 1920 118 1920 65
1664 455 1665 455 1665 580 1710 580
1651 409 1650 409 1650 495 1612 495
431 1957 463 1957 463 1959
1566 1123 1454 1123 1454 1094
1832 220 1833 220 1833 261 1930 261
764 1712 820 1712 820 1783 835 1783
1934 299 2020 299 2020 281
1173 202 1182 202 1182 253
631 1435 618 1435 618 1466 576 1466
135 1210 112 1210 112 1171
1179 1317 1271 1317 1271 1242 1292 1242 1292 1241
636 1644 637 1644 637 1580 673 1580
1834 293 1834 356 1823 356 1823 376 1818 376
1198 1512 1198 1541 1280 1541
504 1253 599 1253 599 1233
1472 1145 1410 1145 1410 1093 1375 1093 1375 1049
1857 820 1892 820 1892 766 1962 766 1962 733
1246 1280 1259 1280 1259 1226 1297 1226
1236 748 1240 748 1240 812 1243 812 1243 864
83 1968 83 1971 85 1971 85 2022 121 2022
1836 131 1837 131 1837 237 1891 237
516 1166 524 1166 524 1236
1181 562 1181 534 1146 534 1146 517 1143 517
889 404 844 404 844 334 806 334
949 787 1051 787 1051 803
173 1459 170 1459 170 1542 166 1542 166 1564
50 948 50 974 89 974 89 985
1623 1051 1713 1051 1713 1122 1734 1122 1734 1165
1973 1800 1894 1800 1894 1890 1860 1890
116 1001 129 1001 129 1028 171 1028
1546 1499 1551 1499 1551 1462 1640 1462 1640 1406
1816 94 1816 63 1801 63 1801 61 1780 61
1026 1879 978 1879 978 1935
1607 427 1550 427 1550 386 1520 386 1520 377
178 96 195 96 195 81
1387 1099 1387 1134 1389 1134 1389 1184 1413 1184
396 1040 402 1040 402 1002
1763 1915 1779 1915 1779 1891 1878 1891 1878 1885
265 346 265 357 207 357 207 387 162 387
1873 8 1872 8 1872 133 1855 133
1994 1588 1963 1588 1963 1561 1918 1561 1918 1536
1362 1128 1390 1128 1390 1155 1490 1155 1490 1170
1221 218 1243 218 1243 119 1247 119
299 182 302 182 302 232 349 232
1131 1915 1131 1868 1135 1868 1135 1796 1136 1796
1810 1656 1823 1656 1823 1721 1920 1721 1920 1735
1952 712 1879 712 1879 745
152 410 144 410 144 358
470 770 537 770 537 707 549 707
1144 729 1079 729 1079 684 1060 684
1501 2027 1501 1941 1588 1941 1588 1930 1601 1930
503 1097 390 1097 390 1093
1908 1250 1908 1280 1795 1280 1795 1285 1792 1285
268 264 269 264 269 232
1659 257 1689 257 1689 300 1760 300
548 600 578 600 578 596 633 596
638 1716 637 1716 637 1828
1198 286 1222 286 1222 357 1254 357
815 28 815 33 831 33 831 83 867 83
1330 1703 1356 1703 1356 1701 1433 1701
726 75 712 75 712 92
1744 1183 1744 1179 1817 1179 1817 1178
1341 1210 1298 1210 1298 1227 1270 1227 1270 1299
590 1041 591 1041 591 1087 627 1087
242 1734 242 1731 160 1731 160 1675 152 1675
956 748 956 760 1013 760 1013 842
53 1975 49 1975 49 2035 47 2035
104 481 121 481 121 565 204 565 204 577
417 2022 459 2022 459 1908 462 1908
396 828 396 879 413 879 413 936
1126 1338 1133 1338 1133 1312 1221 1312 1221 1281
1197 509 1204 509 1204 468
814 1769 756 1769 756 1812
1389 659 1303 659 1303 658
866 382 915 382 915 326 940 326 940 324
698 893 699 893 699 888 702 888 702 874
927 138 903 138 903 139 897 139 897 173
761 452 782 452 782 426
1498 1242 1463 1242 1463 1271 1421 1271
1873 1183 1873 1128 1755 1128 1755 1062
1588 1549 1564 1549 1564 1567
1537 268 1419 268 1419 331 1417 331
547 1412 536 1412 536 1322 522 1322 522 1304
767 960 772 960 772 890 797 890 797 843
510 1515 619 1515 619 1436 631 1436 631 1435
1814 1760 1815 1760 1815 1867 1868 1867
593 2015 678 2015 678 1948 699 1948
887 1148 914 1148 914 1129
114 1025 114 1026 61 1026 61 1027 45 1027
1161 93 1141 93 1141 75 1139 75 1139 17
254 852 254 782 212 782 212 736 191 736
821 1834 898 1834 898 1837
1897 439 1977 439 1977 498
616 1164 603 1164 603 1241
1047 1256 956 1256 956 1279
160 1234 160 1279 134 1279 134 1296 70 1296
1285 886 1294 886 1294 824
722 1715 722 1710 689 1710 689 1623 678 1623
1836 1708 1917 1708 1917 1709 1939 1709
1364 1463 1364 1467 1395 1467 1395 1556 1436 1556
1345 1570 1264 1570 1264 1639 1259 1639
1470 1772 1470 1720 1526 1720 1526 1691 1596 1691
1408 1477 1408 1527 1501 1527 1501 1585
275 650 275 595 354 595 354 540
1871 228 1880 228 1880 112 1959 112
1884 1194 1885 1194 1885 1321 1911 1321
349 1428 349 1397 334 1397 334 1396
1051 72 994 72 994 167 967 167
670 1817 688 1817 688 1747 712 1747
1621 1131 1622 1131 1622 1127 1627 1127 1627 1124
897 351 838 351 838 410 836 410
1755 808 1726 808 1726 786
26 1924 27 1924 27 1982 48 1982
1755 1611 1684 1611 1684 1542 1647 1542 1647 1538
1293 1146 1388 1146 1388 1157 1419 1157
1702 385 1703 385 1703 407 1751 407
1102 483 1130 483 1130 521
2041 1734 2041 1821 2037 1821 2037 1853 2024 1853
209 817 210 817 210 934 217 934
43 405 29 405 29 291
269 1564 223 1564 223 1526 163 1526
393 1417 309 1417 309 1395 280 1395
1752 1401 1752 1383 1681 1383 1681 1382 1663 1382
1560 1406 1561 1406 1561 1506 1593 1506
1096 950 1096 955 1033 955 1033 1045
2019 246 1958 246 1958 271
836 903 863 903 863 814
412 487 412 438 389 438 389 377 347 377
696 1936 656 1936 656 1876 591 1876
207 335 216 335 216 378 221 378 221 407
1431 1920 1431 1925 1424 1925 1424 1927 1416 1927
987 1833 899 1833 899 1860 862 1860
1564 383 1564 393 1461 393 1461 413
258 159 280 159 280 111 311 111
650 1199 650 1259 774 1259 774 1287
239 728 239 733 187 733 187 807 158 807
1948 1713 1948 1759 1974 1759 1974 1801 1984 1801
1751 1007 1752 1007 1752 881 1796 881
1370 1746 1393 1746 1393 1764 1424 1764
928 151 988 151 988 25
683 1186 683 1149 614 1149 614 1094 555 1094
1273 714 1273 716 1202 716 1202 753 1158 753
761 706 761 782 830 782 830 825 860 825
367 1646 367 1667 439 1667 439 1672
7 1124 8 1124 8 1086 33 1086
1067 954 1034 954 1034 863
854 1056 863 1056 863 1059 881 1059 881 1073
1507 1798 1429 1798 1429 1803
5 1782 6 1782 6 1806 34 1806
1322 857 1318 857 1318 964
1579 1763 1593 1763 1593 1799 1595 1799 1595 1808
71 13 81 13 81 21 83 21 83 31
859 1201 891 1201 891 1242
855 906 855 936 898 936 898 951
679 1711 679 1646 556 1646 556 1633
26 711 26 656 21 656 21 617 4 617
838 535 838 482 790 482 790 420
1272 723 1233 723 1233 806 1203 806
594 1165 537 1165 537 1196
329 1632 329 1657 222 1657 222 1748 217 1748
1793 266 1793 267 1890 267 1890 382
368 744 368 736 407 736 407 734 420 734
1954 751 1870 751 1870 698 1830 698
493 971 438 971 438 963 404 963 404 851
1721 309 1816 309 1816 303
544 1614 559 1614 559 1670 616 1670 616 1730
606 876 673 876 673 789 713 789
1009 1006 1003 1006 1003 1088 985 1088
1330 1181 1256 1181 1256 1128 1241 1128 1241 1122
82 149 82 118 81 118 81 93 45 93
628 580 574 580 574 558
1468 398 1468 418 1549 418 1549 483
34 1639 1 1639 1 1572
1645 1000 1593 1000 1593 905 1544 905 1544 880
540 1170 540 1185 574 1185 574 1211 634 1211
514 1798 453 1798 453 1828
434 241 434 248 477 248 477 281
2009 1144 2009 1106 1982 1106 1982 1069 1979 1069
1281 1153 1281 1182 1256 1182 1256 1279 1230 1279
358 105 358 139 343 139 343 223 329 223
1455 957 1455 1018 1372 1018 1372 1069 1360 1069
396 683 396 695 321 695 321 718
885 371 885 379 914 379 914 423
886 778 802 778 802 709 776 709
1739 209 1790 209 1790 274
964 1770 984 1770 984 1861 1045 1861 1045 1894
1287 1376 1287 1408 1368 1408 1368 1466
779 2025 736 2025 736 2016 726 2016 726 1918
1002 866 1029 866 1029 923 1045 923
1928 652 1931 652 1931 710 1960 710 1960 719
1200 1386 1197 1386 1197 1485 1193 1485
1397 473 1368 473 1368 535 1367 535
1436 1368 1429 1368 1429 1348 1428 1348
649 2001 677 2001 677 1960
1308 626 1331 626 1331 590 1379 590 1379 566
1100 970 1028 970 1028 1002 978 1002 978 1069
2015 65 2015 141 1981 141 1981 169
389 362 390 362 390 277 442 277
1595 541 1557 541 1557 467 1550 467 1550 433
1830 1649 1880 1649 1880 1707 1923 1707 1923 1709
965 1631 947 1631 947 1663 840 1663
844 1383 844 1348 824 1348 824 1301
1180 1030 1172 1030 1172 947 1128 947 1128 907
247 1728 300 1728 300 1780
1566 563 1497 563 1497 594 1493 594
1152 3 1035 3 1035 19
1057 1221 1057 1268 1153 1268 1153 1291
152 1966 152 2008 142 2008 142 2030 61 2030
125 1120 125 1081 0 1081 0 1005
786 1021 791 1021 791 950 897 950
431 569 448 569 448 603
859 1535 859 1500 969 1500 969 1499
1869 718 1869 699 1774 699 1774 664
751 140 769 140 769 168 825 168 825 222
1776 1595 1686 1595 1686 1657
8 600 9 600 9 502 59 502
1953 1539 1953 1513 1826 1513 1826 1454
1055 985 1055 1031 1126 1031 1126 1084
722 1224 719 1224 719 1248
842 1428 842 1434 790 1434 790 1518 767 1518
255 1558 351 1558 351 1612 355 1612
1594 363 1594 273 1586 273 1586 249 1474 249
1052 1790 967 1790 967 1807 946 1807
750 164 734 164 734 37 719 37
891 1540 891 1651 939 1651 939 1663
595 484 595 467 645 467 645 407 718 407
1779 822 1780 822 1780 853 1806 853
1958 1777 1959 1777 1959 1866 1978 1866
1021 1644 1025 1644 1025 1729 1057 1729
1302 19 1304 19 1304 21 1422 21 1422 61
1214 960 1133 960 1133 978
1431 584 1411 584 1411 463 1408 463
1532 1327 1474 1327 1474 1233 1441 1233
2037 1577 2033 1577 2033 1690 1977 1690
2009 1862 2009 1863 2035 1863 2035 1960
1289 492 1253 492 1253 432
407 882 386 882 386 846
1172 846 1175 846 1175 811 1292 811 1292 776
761 595 761 597 708 597 708 713
641 1371 641 1305 537 1305 537 1291
1662 337 1662 339 1789 339 1789 346
869 1333 869 1349 986 1349 986 1374
5 1715 25 1715 25 1792
709 1970 700 1970 700 1884 665 1884
422 1443 422 1345 521 1345 521 1329
1404 1223 1392 1223 1392 1235 1370 1235 1370 1251
1382 436 1365 436 1365 489
94 1877 89 1877 89 1849
1255 776 1255 745 1166 745 1166 733
1569 1342 1571 1342 1571 1225 1586 1225 1586 1216
1401 650 1439 650 1439 682
1648 1354 1606 1354 1606 1253 1533 1253 1533 1247
694 337 695 337 695 268 758 268
620 170 613 170 613 221
1060 1378 1015 1378 1015 1455
1187 708 1205 708 1205 799 1220 799
777 916 672 916 672 995 650 995
854 1361 802 1361 802 1371 743 1371 743 1452
1572 397 1584 397 1584 413
1280 650 1264 650 1264 615 1209 615 1209 524
698 1559 644 1559 644 1562 641 1562 641 1573
275 941 275 969 358 969 358 1036 388 1036
1806 587 1806 648 1786 648 1786 676
1088 1468 1088 1452 1093 1452 1093 1375 1101 1375
1288 1878 1251 1878 1251 1836
1466 146 1440 146 1440 20 1342 20
922 1785 988 1785 988 1834 1048 1834
1947 1174 1950 1174 1950 1290 1962 1290
1998 752 1998 721 1983 721 1983 647 1957 647
1086 827 1086 854 1105 854 1105 899 1128 899
543 1543 543 1544 595 1544 595 1557
1347 2033 1369 2033 1369 2025 1409 2025 1409 1994
657 1456 620 1456 620 1501 615 1501
2020 1983 2001 1983 2001 1881 1998 1881
269 1848 274 1848 274 1929
855 206 855 211 887 211 887 213 911 213
896 1816 855 1816 855 1890 776 1890 776 1922
658 1098 658 1160 596 1160 596 1200 588 1200
980 1292 992 1292 992 1230 1037 1230 1037 1229
1716 103 1674 103 1674 119 1609 119
578 484 578 401 681 401 681 390
742 1552 742 1554 711 1554 711 1574 626 1574
961 915 980 915 980 938 1027 938 1027 1001
1560 1767 1544 1767 1544 1784 1526 1784 1526 1787
391 763 463 763 463 732 481 732 481 716
130 728 130 734 189 734 189 823
1970 984 1923 984 1923 999
1044 1539 1025 1539 1025 1547 1007 1547
1083 161 1083 164 1134 164 1134 180 1166 180
1424 451 1419 451 1419 439 1411 439 1411 402
566 233 566 207 458 207 458 189
315 744 315 716 245 716 245 636
1939 1 1939 61 1928 61 1928 63 1915 63
1795 1936 1766 1936 1766 1991 1699 1991
840 1693 724 1693 724 1772 713 1772
1122 645 1167 645 1167 743 1201 743
701 43 701 108 672 108 672 123 657 123
307 1410 308 1410 308 1475 366 1475
1555 1223 1556 1223 1556 1301
111 1225 111 1169 58 1169 58 1103
1387 792 1387 866 1401 866 1401 881 1413 881
787 1146 757 1146 757 1051
1957 729 1956 729 1956 855 1934 855
216 1551 149 1551 149 1490 94 1490
920 861 920 855 957 855 957 797 1000 797
1786 1409 1786 1391 1823 1391 1823 1362
1154 1609 1154 1640 1174 1640 1174 1650 1193 1650
1355 1924 1290 1924 1290 1841 1254 1841 1254 1810
21 995 21 1028 83 1028 83 1121
1448 1825 1437 1825 1437 1698 1346 1698
1619 821 1565 821 1565 886 1545 886
228 289 228 255 142 255 142 187
1502 206 1549 206 1549 186 1601 186
576 609 559 609 559 629 518 629 518 668
1385 1428 1407 1428 1407 1349 1428 1349
1035 440 1035 447 991 447 991 516
1990 1709 1985 1709 1985 1658 1912 1658
897 756 803 756 803 690 783 690
1090 1020 1034 1020 1034 1056 1024 1056
666 1390 676 1390 676 1267
1353 1800 1356 1800 1356 1917 1380 1917
502 979 494 979 494 946 453 946
1665 1515 1753 1515 1753 1390 1788 1390
1088 865 1075 865 1075 855 1018 855 1018 842
482 258 482 277 494 277 494 355 533 355
764 1087 764 1060 883 1060 883 1059
171 49 233 49 233 111
140 931 140 919 256 919 256 839
137 1756 137 1635
1809 388 1817 388 1817 286 1852 286
1003 1488 1023 1488 1023 1521
214 1971 183 1971 183 1948 126 1948 126 1942
1791 639 1793 639 1793 609
539 54 539 47 521 47 521 42 475 42
617 162 601 162 601 272 574 272 574 285
99 1080 99 1079 103 1079 103 1072 113 1072
561 399 562 399 562 477 647 477
1695 685 1695 581 1784 581 1784 557
1405 555 1331 555 1331 501 1302 501
1531 957 1530 957 1530 956 1509 956
1336 1343 1336 1348 1244 1348 1244 1381
1119 411 1120 411 1120 421 1132 421 1132 495
122 283 120 283 120 343
1056 1609 994 1609 994 1496 955 1496 955 1493
1824 1247 1845 1247 1845 1260
1434 948 1396 948 1396 1004 1385 1004
516 1653 541 1653 541 1547 582 1547
940 83 868 83 868 124 863 124
76 644 102 644 102 706 193 706
330 1516 290 1516 290 1419
1480 131 1467 131 1467 165 1449 165
1427 476 1427 473 1434 473 1434 432 1490 432
155 302 155 328 178 328 178 329
1149 679 1075 679 1075 763
682 1661 682 1767
31 205 36 205 36 332
1198 821 1310 821 1310 835
1391 2 1475 2 1475 16
810 1444 810 1435 723 1435 723 1398
676 976 778 976 778 914 781 914
1435 776 1435 785 1340 785 1340 808 1322 808
1191 20 1179 20 1179 35 1135 35 1135 110
1690 1198 1690 1165 1582 1165 1582 1091
813 682 825 682 825 721 853 721 853 796
1918 169 1923 169 1923 119 1985 119 1985 100
610 662 610 628 572 628
1825 1343 1825 1371 1892 1371 1892 1396 1930 1396
1307 1311 1351 1311 1351 1367 1366 1367 1366 1368
107 821 109 821 109 826
1636 700 1631 700 1631 635 1519 635 1519 631
574 360 544 360 544 385
979 1910 1001 1910 1001 1907
1527 1504 1556 1504 1556 1613 1558 1613
735 1758 725 1758 725 1808 693 1808
1172 1740 1186 1740 1186 1829 1239 1829 1239 1846
17 1899 17 1909 101 1909 101 1944
1962 1078 1962 1071 1896 1071 1896 969
1076 343 950 343 950 335
417 450 528 450 528 457
1433 1023 1336 1023 1336 1075
159 901 85 901 85 927
1307 1834 1289 1834 1289 1913 1254 1913
1367 1320 1367 1274 1310 1274 1310 1216
511 1139 526 1139 526 1212 590 1212 590 1235
1326 1213 1258 1213 1258 1284 1248 1284
507 1840 507 1781 574 1781 574 1717 584 1717
184 993 114 993 114 961
1879 1858 1837 1858 1837 1774
992 79 991 79 991 6 868 6
172 803 73 803 73 861
78 960 65 960 65 967
1722 832 1686 832 1686 914 1624 914
9 1625 9 1582 61 1582 61 1574
484 1666 484 1670 451 1670 451 1697 426 1697
320 27 324 27 324 24 336 24 336 12
1452 348 1453 348 1453 327 1529 327
520 1300 520 1237 573 1237 573 1190
1568 559 1545 559 1545 550 1518 550 1518 500
1041 1836 1046 1836 1046 1900 1077 1900
528 2006 468 2006 468 1988
771 699 771 685 790 685 790 633
507 864 536 864 536 884 592 884 592 900
245 1806 245 1696 296 1696 296 1694
412 1457 539 1457 539 1447
1444 1352 1451 1352 1451 1305 1452 1305 1452 1299
1395 1055 1398 1055 1398 1043 1402 1043 1402 1031
2017 1503 2022 1503 2022 1497
225 681 128 681 128 696
1713 290 1713 269 1714 269 1714 163 1716 163
1356 2014 1379 2014 1379 2035
1093 1921 1165 1921 1165 1919
747 1666 756 1666 756 1710 801 1710 801 1750
1936 1157 1951 1157 1951 1221 1970 1221
1877 697 1877 719 1851 719 1851 765
491 1649 468 1649 468 1567 455 1567 455 1527
1368 707 1368 703 1394 703 1394 623 1415 623
1909 833 1860 833 1860 831 1787 831
1700 180 1650 180 1650 198 1578 198
186 1449 205 1449 205 1445
86 1480 89 1480 89 1426 177 1426
423 506 423 422 419 422 419 413 388 413
1824 265 1813 265 1813 231
50 424 18 424 18 398
1615 38 1615 57 1626 57 1626 93 1664 93
1752 1283 1752 1288 1795 1288 1795 1293 1803 1293
1493 724 1458 724 1458 711 1374 711 1374 704
1383 306 1333 306 1333 354 1273 354 1273 374
1989 1202 1959 1202 1959 1209
1239 948 1213 948 1213 888 1111 888
1611 585 1632 585 1632 659 1688 659
44 173 45 173 45 207 93 207
458 1949 442 1949 442 1942 439 1942 439 1933
1761 1147 1761 1166 1716 1166 1716 1176
430 1281 425 1281 425 1217
902 1109 910 1109 910 1111 942 1111 942 1208
87 1490 88 1490 88 1534 122 1534
1059 1657 1059 1561 1087 1561 1087 1532
45 338 10 338 10 342
508 276 506 276 506 229 493 229 493 173
1377 1272 1387 1272 1387 1153
308 1951 312 1951 312 1832 369 1832
744 516 722 516 722 596
433 1146 433 1124 430 1124 430 1074 429 1074
1804 530 1804 557 1815 557 1815 583 1833 583
414 1078 423 1078 423 987 522 987 522 958
1662 262 1676 262 1676 329
1901 1061 1901 1070 1963 1070 1963 1172 1965 1172
1345 719 1345 681 1337 681 1337 665
956 1192 956 1209 903 1209 903 1253
995 1987 963 1987 963 2028
827 1738 827 1682 831 1682 831 1658 832 1658
1226 58 1197 58 1197 46 1135 46
861 1347 839 1347 839 1344 836 1344 836 1340
1073 425 1063 425 1063 307 1054 307
1004 332 1036 332 1036 441 1055 441
654 1643 680 1643 680 1647 759 1647 759 1691
1561 1542 1505 1542 1505 1514 1475 1514
1801 1195 1804 1195 1804 1315 1840 1315
870 1257 870 1218 826 1218
1962 1596 2032 1596 2032 1655
655 41 661 41 661 107 723 107 723 152
33 1367 53 1367 53 1371
443 635 400 635 400 666
619 75 585 75 585 22 521 22
414 363 415 363 415 259 430 259
1587 1441 1507 1441 1507 1444
1229 701 1230 701 1230 651 1298 651 1298 621
1440 496 1440 511 1472 511 1472 604 1487 604
1499 1169 1499 1129 1411 1129 1411 1068 1382 1068
651 1810 638 1810 638 1835 617 1835
1443 1526 1424 1526 1424 1489
1612 137 1612 187 1661 187 1661 251
222 1162 204 1162 204 1075 190 1075
914 1763 892 1763 892 1788 890 1788
501 1364 550 1364 550 1391 617 1391 617 1459
1940 1789 1986 1789 1986 1781 1991 1781
1181 1675 1121 1675 1121 1755
1770 408 1804 408 1804 465 1850 465
967 904 1028 904 1028 956 1079 956 1079 1030
1203 1568 1203 1558 1295 1558 1295 1521
1647 253 1647 297 1604 297 1604 314 1541 314
408 1338 408 1301 528 1301 528 1280
669 1216 721 1216 721 1185
1075 1938 983 1938 983 1930 980 1930 980 1926
1200 321 1200 366 1116 366 1116 415 1090 415
353 694 353 669 316 669 316 660 315 660
540 245 540 246 431 246 431 265 425 265
73 518 77 518 77 519 120 519 120 583
1517 1851 1603 1851 1603 1857
883 292 883 235 850 235
765 804 674 804 674 815 644 815
1965 1386 1965 1460 1897 1460 1897 1500
308 391 241 391 241 364
1108 739 1109 739 1109 858 1151 858
130 0 9 0 9 77
944 1581 917 1581 917 1578 829 1578 829 1458
1833 833 1852 833 1852 762 1936 762 1936 744
417 1626 412 1626 412 1640 400 1640 400 1732
1705 547 1707 547 1707 478 1739 478 1739 472
470 1664 468 1664 468 1751 373 1751
1843 1893 1861 1893 1861 1969 1953 1969
951 1021 951 1141 863 1141 863 1148 849 1148
844 522 844 505 936 505 936 481
275 715 263 715 263 622
1689 185 1712 185 1712 270 1722 270
1023 1870 1006 1870 1006 1937
1308 1080 1315 1080 1315 1065 1371 1065 1371 1062
325 1269 273 1269 273 1334 267 1334
1690 747 1679 747 1679 749
564 1089 558 1089 558 995 549 995
1400 199 1385 199 1385 189 1380 189 1380 160
618 551 548 551 548 558
1008 187 892 187 892 182
1255 1840 1277 1840 1277 1750
1348 690 1323 690 1323 627 1315 627
1761 1631 1761 1666 1695 1666 1695 1684 1664 1684
1199 1540 1199 1487 1108 1487 1108 1482
1745 71 1812 71 1812 176 1824 176
1724 1267 1724 1204 1673 1204 1673 1145 1613 1145
1061 1256 1061 1265 1155 1265 1155 1285
467 655 467 616 477 616 477 578 499 578
1068 347 1114 347 1114 319
752 1601 752 1646 802 1646 802 1655 874 1655
1765 1946 1644 1946 1644 1952 1641 1952 1641 1992
1734 1439 1734 1401 1745 1401 1745 1389 1783 1389
449 1507 483 1507 483 1527 541 1527
2023 218 2028 218 2028 195
754 1182 740 1182 740 1204
1447 998 1447 920 1415 920 1415 884
1753 429 1753 389 1835 389 1835 350 1877 350
36 1747 89 1747 89 1847
1655 1866 1655 1790 1594 1790 1594 1747 1562 1747
1489 1342 1489 1347 1563 1347 1563 1406
1336 2025 1336 2009 1446 2009 1446 2006
1716 1845 1656 1845 1656 1867 1639 1867 1639 1904
541 1352 551 1352 551 1377 648 1377 648 1438
1215 1044 1215 1095 1205 1095 1205 1121 1204 1121
399 650 399 668 315 668 315 715 312 715
1016 1919 1026 1919 1026 1923 1080 1923 1080 2005
1982 738 1982 694 1951 694 1951 681
1610 343 1610 384 1705 384 1705 397
1935 461 1950 461 1950 436 2039 436
540 1549 506 1549 506 1555
371 72 263 72 263 158 257 158
395 138 395 56
985 759 957 759 957 720 904 720
462 1293 462 1294 389 1294 389 1342
1138 1530 1127 1530 1127 1448 1111 1448
197 336 121 336 121 350 98 350
1643 980 1690 980 1690 1019
1898 101 1977 101 1977 229 1994 229
331 1282 455 1282 455 1269
1638 1604 1638 1535 1635 1535 1635 1506 1632 1506
1130 1497 1151 1497 1151 1545 1209 1545
5 697 16 697 16 624 18 624 18 620
1609 1662 1609 1692 1554 1692 1554 1754
272 66 197 66 197 92 170 92 170 99
1214 1539 1214 1486 1169 1486 1169 1483
506 1265 583 1265 583 1232
1987 657 2045 657 2045 569
1851 1876 1790 1876 1790 1934
187 1193 205 1193 205 1216 211 1216 211 1253
1161 1926 1243 1926 1243 1932
21 1103 21 1170 128 1170 128 1185
227 683 227 670 150 670 150 659
417 2015 469 2015 469 1917 490 1917
1949 586 1949 628 1937 628 1937 703
503 1327 503 1302 529 1302 529 1277 612 1277
446 1947 410 1947 410 1951 388 1951 388 1959
83 1407 78 1407 78 1427 51 1427
556 1044 579 1044 579 1033 678 1033
275 594 343 594 343 517 379 517 379 495
1464 1740 1465 1740 1465 1811 1473 1811 1473 1817
35 1445 24 1445 24 1393
611 1418 673 1418 673 1448
1196 1466 1196 1380 1127 1380 1127 1354
1188 1750 1189 1750 1189 1798 1225 1798
1518 1905 1518 1906 1444 1906 1444 1950 1392 1950
1108 2017 1108 1992 1073 1992 1073 1923 1025 1923
1688 65 1691 65 1691 96 1753 96 1753 103
315 784 364 784 364 792
192 1244 100 1244 100 1281 84 1281
1869 1457 1904 1457 1904 1496 1997 1496
497 335 497 278 509 278 509 213 514 213
845 289 845 310 810 310 810 363 784 363
1792 970 1793 970 1793 990 1892 990
1815 1517 1828 1517 1828 1645 1832 1645
1181 168 1181 148 1137 148 1137 64
1999 1188 2033 1188 2033 1142
453 544 505 544 505 580
275 943 292 943 292 840
445 175 445 176 450 176 450 180 454 180
1468 136 1468 186 1426 186 1426 205 1362 205
1144 1576 1144 1662 1182 1662 1182 1697 1201 1697
1955 617 1956 617 1956 684 1960 684
1079 1579 1105 1579 1105 1510 1150 1510
899 983 969 983 969 981 1013 981 1013 956
1315 285 1217 285 1217 404 1211 404
1362 1820 1404 1820 1404 1860 1406 1860 1406 1892
1084 281 1030 281 1030 279 969 279 969 276
1453 1476 1459 1476 1459 1395 1514 1395 1514 1392
1912 348 1835 348 1835 291 1807 291
28 1802 71 1802 71 1907 96 1907
1339 797 1293 797 1293 816 1217 816 1217 855
1687 1630 1688 1630 1688 1657 1744 1657 1744 1725
237 1604 262 1604 262 1695 275 1695
1791 1864 1791 1852 1790 1852 1790 1851 1667 1851
347 1113 334 1113 334 1148 331 1148 331 1150
282 431 164 431 164 384
1196 791 1171 791 1171 812
200 1854 200 1758 119 1758 119 1749
1294 336 1294 353 1274 353 1274 412 1249 412
1973 667 1973 668 1974 668 1974 693
883 720 883 681 915 681 915 659
1615 1789 1615 1743 1562 1743 1562 1697
1867 761 1878 761 1878 639 1952 639
1696 1732 1696 1727 1693 1727 1693 1722 1658 1722
455 1586 365 1586 365 1589
2022 506 1956 506 1956 529
64 537 189 537 189 563
1559 605 1559 630 1572 630 1572 634 1575 634
1166 1979 1166 1968 1084 1968 1084 1935
118 556 118 623 183 623 183 679
1624 1035 1619 1035 1619 1045 1605 1045 1605 1115
1717 371 1717 398 1624 398 1624 474
1683 323 1654 323 1654 374 1644 374 1644 440
95 1542 123 1542 123 1489 218 1489
1151 973 1157 973 1157 1036 1254 1036
1153 1682 1058 1682 1058 1740 1043 1740
1438 1853 1433 1853 1433 1739 1432 1739
976 1900 976 1869 1057 1869 1057 1786 1090 1786
535 1916 506 1916 506 1866 457 1866 457 1808
788 1491 788 1453 713 1453 713 1417
1625 1917 1626 1917 1626 1834 1677 1834
1650 1961 1765 1961 1765 1991
272 58 207 58 207 155 186 155
1860 1410 1861 1410 1861 1390 1891 1390
37 579 37 505 96 505 96 465 165 465
755 813 755 854 681 854 681 879
856 105 809 105 809 42 735 42 735 19
1334 51 1334 43 1322 43 1322 16 1303 16
1341 22 1299 22 1299 98 1258 98 1258 127
478 1199 478 1152 362 1152 362 1087
339 1176 339 1180 392 1180 392 1209
469 540 374 540 374 531 365 531 365 526
516 1274 516 1323 523 1323 523 1336
1201 1828 1240 1828 1240 1925 1304 1925 1304 1955
1766 848 1766 862 1843 862 1843 908
883 1024 922 1024 922 1087 1002 1087
796 1433 796 1385 805 1385 805 1358 816 1358
926 1532 860 1532 860 1520
973 476 957 476 957 595 920 595 920 599
1599 1161 1599 1164 1699 1164 1699 1190 1720 1190
1618 37 1618 36 1669 36 1669 35
1292 1644 1287 1644 1287 1679 1284 1679 1284 1699
786 499 719 499 719 398 697 398
1853 1004 1853 992 1894 992 1894 938 1961 938
1403 1584 1429 1584 1429 1615 1436 1615 1436 1689
1484 1051 1487 1051 1487 1003
3 1787 4 1787 4 1676 35 1676
1547 1688 1461 1688 1461 1629
2024 667 1986 667 1986 599 1952 599 1952 580
1218 147 1218 60 1144 60 1144 58
493 65 486 65 486 7
512 1982 413 1982 413 1993
598 1772 588 1772 588 1682
1940 274 1971 274 1971 247 2039 247 2039 182
1368 716 1368 731 1427 731 1427 837
932 1780 853 1780 853 1828 816 1828 816 1886
911 292 884 292 884 212 854 212 854 209
1821 1598 1824 1598 1824 1679 1879 1679 1879 1692
820 1633 820 1573 878 1573 878 1536 907 1536
936 454 953 454 953 362
295 1588 295 1702 273 1702 273 1715 190 1715
2020 914 2021 914 2021 942 2029 942 2029 996
888 553 877 553 877 507
1880 1446 1849 1446 1849 1545 1830 1545
754 161 635 161 635 69
310 1626 367 1626 367 1623
1821 928 1821 932 1909 932 1909 973
128 1178 113 1178 113 1226 75 1226 75 1288
940 1590 940 1615 937 1615 937 1643 915 1643
1183 1379 1183 1339 1107 1339 1107 1272
1405 1951 1388 1951 1388 1958
239 1114 158 1114 158 1131 119 1131 119 1135
448 1536 433 1536 433 1553 409 1553
461 1808 462 1808 462 1778 509 1778
349 44 278 44 278 46
468 1566 492 1566 492 1668 581 1668
586 966 533 966 533 853
1212 890 1177 890 1177 905
510 237 528 237 528 236 629 236 629 189
1414 1236 1462 1236 1462 1252
1387 1796 1387 1747 1361 1747 1361 1733 1320 1733
824 1779 841 1779 841 1674 891 1674
1156 987 1132 987 1132 894 1129 894
901 423 901 424 1028 424 1028 433
1247 588 1250 588 1250 499 1367 499 1367 481
323 775 323 771 244 771 244 754 234 754
1549 1749 1549 1755 1567 1755 1567 1784
2015 166 2015 186 1942 186 1942 214
1235 1233 1237 1233 1237 1117 1253 1117
904 1681 942 1681 942 1569
1555 760 1555 844 1479 844 1479 863
239 572 239 647 163 647 163 695
2039 1723 2007 1723 2007 1615
1120 938 1121 938 1121 959 1122 959 1122 1028
848 705 947 705 947 711
125 1898 129 1898 129 1903 231 1903 231 1924
1027 127 1027 128 1061 128 1061 134
1136 64 1070 64 1070 87 1032 87 1032 88
1730 1604 1726 1604 1726 1546 1704 1546
1682 684 1691 684 1691 640 1760 640
1502 1361 1501 1361 1501 1389 1500 1389 1500 1394
625 608 625 623 697 623 697 709 731 709
1493 877 1457 877 1457 919 1422 919
162 1893 117 1893 117 1974 72 1974 72 2004
2032 716 2019 716 2019 719
916 301 846 301 846 273 810 273 810 262
735 1792 735 1809 694 1809 694 1844 640 1844
1086 1560 1045 1560 1045 1525 1011 1525
1628 1672 1628 1659 1629 1659 1629 1550
632 1677 554 1677 554 1726 545 1726 545 1779
1441 156 1438 156 1438 69 1386 69
1956 1305 1914 1305 1914 1357 1889 1357 1889 1370
401 1665 467 1665 467 1604
1158 967 1134 967 1134 1029 1091 1029
1560 15 1562 15 1562 27 1581 27 1581 66
367 890 274 890 274 915
1343 1480 1348 1480 1348 1370 1406 1370
439 1448 374 1448 374 1390 373 1390
266 1205 253 1205 253 1108 176 1108
11 1429 12 1429 12 1372 77 1372 77 1332
1919 1046 2031 1046 2031 1017
737 1014 743 1014 743 1034 820 1034 820 1126
1978 598 2028 598 2028 495 2039 495
1161 64 1143 64 1143 1
1742 1094 1774 1094 1774 1115 1785 1115
890 732 939 732 939 730 954 730
1219 348 1219 333 1332 333 1332 330
1961 969 1962 969 1962 886
2041 1710 2041 1724 2018 1724 2018 1833 1965 1833
221 1674 116 1674 116 1701
1658 1113 1741 1113 1741 1145 1773 1145
1420 1081 1426 1081 1426 1128 1520 1128 1520 1143
52 922 1 922 1 794
93 1158 93 1123 130 1123 130 1072 216 1072
88 637 98 637 98 589
1714 1287 1714 1268 1622 1268 1622 1231
2027 1047 1965 1047 1965 1054
1173 1145 1254 1145 1254 1157
1440 1398 1502 1398 1502 1402 1566 1402 1566 1403
633 2007 633 1956 638 1956 638 1930 653 1930
1685 768 1643 768 1643 666 1633 666
278 548 229 548 229 514
1413 1042 1413 1056 1344 1056 1344 1063
1871 1234 1884 1234 1884 1239 1935 1239 1935 1245
1364 1520 1389 1520 1389 1571 1479 1571
1221 1600 1221 1656 1214 1656 1214 1657 1205 1657
1852 1009 1844 1009 1844 1007 1839 1007 1839 924
1186 124 1138 124 1138 47 1088 47 1088 18
156 1418 84 1418 84 1318 74 1318
2042 1197 2028 1197 2028 1248
1375 76 1425 76 1425 86 1426 86
1501 1933 1624 1933 1624 2021
1880 461 1880 424 1811 424 1811 421 1760 421
360 322 309 322 309 392 297 392 297 421
1044 1226 967 1226 967 1291
628 1809 628 1784 687 1784 687 1703
1765 196 1869 196 1869 143
1373 776 1317 776 1317 864
320 1624 327 1624 327 1540
324 516 440 516 440 557
1072 1239 1058 1239 1058 1326 1035 1326
930 95 930 139 906 139 906 185
182 1952 104 1952 104 1908 69 1908 69 1869
1366 1228 1366 1194 1374 1194 1374 1114 1386 1114
136 1193 136 1211 114 1211 114 1233 96 1233
591 1276 695 1276 695 1300
447 245 495 245 495 285 535 285
1994 457 1996 457 1996 461 2009 461 2009 465
1901 301 1901 266 1811 266 1811 174 1793 174
23 695 17 695 17 739 9 739
1781 1839 1762 1839 1762 1833 1657 1833
6 455 94 455 94 446
890 1008 890 952 968 952 968 947
869 1245 869 1279 895 1279 895 1281 925 1281
175 771 100 771 100 860
1406 1154 1408 1154 1408 1105 1409 1105
511 14 511 39 453 39 453 63 400 63
1611 1391 1700 1391 1700 1453
486 750 519 750 519 647 584 647
949 874 895 874 895 935 867 935
1493 1316 1493 1327 1543 1327 1543 1440 1583 1440
1822 749 1711 749 1711 686
1038 940 1101 940 1101 994 1131 994
655 529 676 529 676 528 693 528 693 488
126 190 126 217 41 217 41 283
1438 23 1438 27 1310 27 1310 55
281 1669 243 1669 243 1747 229 1747
738 1945 781 1945 781 2008 837 2008
284 1444 288 1444 288 1324 353 1324
1533 1069 1474 1069 1474 977
591 597 611 597 611 640 654 640
268 1390 268 1371 290 1371 290 1361 371 1361
2003 434 1952 434 1952 422 1908 422 1908 398
1665 1540 1665 1516 1759 1516 1759 1491 1790 1491
1858 1127 1851 1127 1851 1103 1785 1103 1785 1017
826 899 861 899 861 806 894 806
1688 266 1593 266 1593 257
1418 312 1371 312 1371 317
661 1803 661 1841 599 1841 599 1858
1877 1074 1877 1010 1759 1010 1759 981
225 1599 146 1599 146 1540
68 1964 28 1964 28 1934
695 1855 645 1855 645 1870
1212 944 1212 906 1104 906 1104 860
713 1261 752 1261 752 1308 753 1308
1760 1859 1760 1916 1767 1916 1767 1963 1793 1963
755 309 726 309 726 320 697 320 697 325
1364 350 1372 350 1372 351 1399 351
1810 803 1790 803 1790 754
331 1120 331 1112 335 1112 335 1035 336 1035
1670 1881 1716 1881 1716 1850 1731 1850
466 1738 466 1735 352 1735 352 1641
1977 1791 1982 1791 1982 1739 1984 1739 1984 1670
1550 63 1551 63 1551 105 1673 105
321 1783 301 1783 301 1698 267 1698
127 238 127 244 115 244 115 247 108 247
556 1005 556 1006 540 1006 540 1102
61 1168 61 1122 129 1122 129 1063 152 1063
778 1757 755 1757 755 1864
38 568 38 506 103 506 103 505
260 1398 178 1398 178 1427 166 1427 166 1519
404 179 404 209 365 209 365 260
585 1600 542 1600 542 1533 482 1533 482 1509
145 932 134 932 134 870 116 870 116 854
1612 261 1613 261 1613 139 1644 139
222 668 185 668 185 585 152 585 152 572
1210 2026 1283 2026 1283 1998 1308 1998 1308 1991
1592 581 1592 628 1467 628 1467 708
461 698 432 698 432 634
287 738 287 717 228 717 228 616 211 616
722 798 675 798 675 820 641 820
509 1865 463 1865 463 1771
1692 337 1663 337 1663 327 1660 327
564 1 571 1 571 6 581 6 581 14
1114 481 1100 481 1100 472 1064 472 1064 394
1840 265 1931 265 1931 151 1950 151 1950 139
132 474 152 474 152 534
2017 1805 2017 1828 1912 1828 1912 1910
1270 640 1282 640 1282 729 1316 729
624 378 611 378 611 398
818 1768 818 1806 795 1806 795 1889 738 1889
1657 298 1657 304 1639 304 1639 383 1604 383
777 183 801 183 801 290
95 165 95 134 102 134 102 117
393 935 393 942 387 942 387 970 311 970
1101 237 1112 237 1112 284 1180 284 1180 365
324 313 324 295 272 295 272 191 208 191
1090 546 1071 546 1071 577
1177 562 1177 563 1197 563 1197 621 1262 621
279 131 273 131 273 62 244 62
1245 138 1300 138 1300 85 1315 85
743 82 743 43 714 43 714 25 647 25
1729 1389 1702 1389 1702 1390
473 375 473 405 482 405 482 438 489 438
277 692 277 685 256 685 256 665 253 665
1056 1868 998 1868 998 1876 939 1876 939 1888
527 162 522 162 522 163 406 163 406 164
576 330 658 330 658 392
1116 1916 1188 1916 1188 1835
152 974 152 863 129 863 129 857
1768 1668 1768 1612 1683 1612 1683 1549
847 1050 921 1050 921 1090
566 372 551 372 551 469
1906 1600 1906 1632 2003 1632 2003 1658
130 1156 130 1275 78 1275 78 1282 72 1282
1983 625 1983 605 1951 605 1951 502 1873 502
1471 538 1471 537 1353 537 1353 533
1571 1119 1601 1119 1601 1124
1576 668 1593 668 1593 581 1614 581
1514 907 1514 923 1636 923 1636 924 1642 924
1250 704 1250 705 1133 705 1133 715
1664 0 1645 0 1645 86
1164 241 1165 241 1165 265 1231 265
1818 566 1818 579 1834 579 1834 667 1930 667
1910 1437 1910 1440 1924 1440 1924 1441 1931 1441
1658 967 1703 967 1703 977 1739 977 1739 994
1392 2008 1392 1971 1393 1971 1393 1934
120 869 160 869 160 911 215 911
1542 1632 1645 1632 1645 1614
837 367 759 367 759 249 744 249
638 803 563 803 563 823
1609 725 1576 725 1576 669 1512 669 1512 614
88 1454 88 1421 25 1421 25 1343 11 1343
1343 1891 1346 1891 1346 1911 1443 1911 1443 1946
1589 737 1610 737 1610 628 1630 628
617 1613 579 1613 579 1622 577 1622 577 1634
595 909 489 909 489 814 486 814
1566 1039 1548 1039 1548 967
244 614 141 614 141 622
152 1188 144 1188 144 1084 130 1084
1797 579 1785 579 1785 526 1762 526
1739 1146 1739 1147 1859 1147 1859 1203
812 1270 797 1270 797 1229 773 1229 773 1228
1354 25 1259 25 1259 104 1258 104
1239 614 1240 614 1240 515 1330 515
1533 972 1466 972 1466 999
1248 294 1248 295 1334 295 1334 352 1365 352
1591 1929 1640 1929 1640 1901 1644 1901
330 499 322 499 322 558 313 558 313 593
665 139 659 139 659 141 647 141 647 160
1616 1578 1615 1578 1615 1463
1709 1530 1703 1530 1703 1553 1691 1553 1691 1556
888 635 958 635 958 549 1016 549
1200 926 1176 926 1176 978
965 1797 855 1797 855 1687
609 999 673 999 673 958 724 958
1312 275 1237 275 1237 317 1233 317
1734 1324 1734 1294 1731 1294 1731 1261 1718 1261
1155 1661 1227 1661 1227 1789 1238 1789
1536 235 1470 235 1470 288
1243 524 1260 524 1260 525 1289 525 1289 615
951 1098 1046 1098 1046 1205 1062 1205
1078 637 1161 637 1161 544
932 338 941 338 941 245 981 245
32 1882 32 1921 85 1921 85 1969 116 1969
1555 1812 1560 1812 1560 1740
1810 1703 1810 1706 1807 1706 1807 1800 1771 1800
93 18 109 18 109 104
1925 1067 1917 1067 1917 1058
1464 221 1411 221 1411 243 1393 243 1393 261
756 1382 756 1459 629 1459 629 1500
346 689 346 670 303 670 303 563
1700 1868 1700 1846 1744 1846 1744 1805
1336 319 1336 320 1403 320 1403 326
1375 1789 1282 1789 1282 1739
229 1767 229 1786 125 1786 125 1889 113 1889
593 1014 580 1014 580 1090 559 1090 559 1120
1648 383 1694 383 1694 364
388 79 443 79 443 188 448 188
293 495 345 495 345 498 416 498 416 513
581 990 493 990 493 1022
1324 1291 1293 1291 1293 1216 1272 1216 1272 1205
1888 1227 1997 1227 1997 1288 2001 1288 2001 1294
1287 71 1319 71 1319 52 1352 52 1352 40
1815 860 1815 894 1830 894 1830 903 1894 903
95 390 95 351 62 351 62 329
1122 1624 1057 1624 1057 1574 1055 1574
1497 1017 1534 1017 1534 1102 1569 1102
732 1837 732 1816 844 1816 844 1716
212 918 237 918 237 913 252 913 252 899
1394 324 1390 324 1390 339
963 457 954 457 954 460 932 460 932 490
1552 757 1552 836 1529 836 1529 843 1490 843
1661 297 1652 297 1652 202
1331 1507 1302 1507 1302 1470
1419 1815 1415 1815 1415 1905 1366 1905
1357 597 1357 614 1441 614 1441 657
1568 1005 1488 1005 1488 992 1484 992
298 1630 299 1630 299 1576 348 1576
932 572 926 572 926 561 865 561
1901 93 1980 93 1980 83 1990 83 1990 73
1575 1294 1575 1333 1604 1333 1604 1370
1317 1598 1422 1598 1422 1669
693 1324 729 1324 729 1410 737 1410
415 1905 416 1905 416 1890 495 1890
1842 1634 1862 1634 1862 1588 1944 1588
184 631 184 624 99 624 99 584 60 584
970 1318 924 1318 924 1324
1410 1133 1414 1133 1414 1029 1441 1029
794 1178 796 1178 796 1157 911 1157
100 437 170 437 170 500
1975 1659 1954 1659 1954 1758
204 1806 253 1806 253 1728
454 2046 454 2044 512 2044 512 2029 531 2029
703 1869 703 1815 737 1815 737 1758 783 1758
870 382 870 287 847 287 847 254 839 254
1326 1553 1326 1569 1263 1569 1263 1625
728 1470 684 1470 684 1533 671 1533
1450 1787 1456 1787 1456 1695
580 1543 570 1543 570 1492 546 1492 546 1433
1760 178 1760 197 1874 197 1874 218
1204 772 1112 772 1112 732 1078 732 1078 697
233 126 233 112 251 112 251 96 318 96
184 584 260 584 260 590
1828 19 1829 19 1829 61 1830 61 1830 71
