2048 2048
2048
1091 1790 1075 1790 1075 1801
121 1481 153 1481 153 1591
1863 1788 1825 1788 1825 1836
1493 690 1440 690 1440 613 1374 613
800 1370 800 1359 817 1359 817 1283 863 1283
1167 182 1206 182 1206 142
1069 153 1046 153 1046 232 1014 232
1 23 2 23 2 84 41 84
487 1149 479 1149 479 1038 438 1038
407 1473 367 1473 367 1481 354 1481
506 531 506 495 482 495 482 490 414 490
675 1361 671 1361 671 1259 660 1259 660 1240
1499 1492 1499 1539 1502 1539 1502 1610
912 1927 912 1908 958 1908 958 1898 962 1898
686 940 686 943 721 943 721 961 724 961
1195 679 1195 702 1274 702 1274 752 1305 752
494 1773 495 1773 495 1674 509 1674 509 1670
1921 166 1922 166 1922 118 1942 118
1020 1876 1020 1901 1085 1901 1085 1939 1127 1939
365 526 343 526 343 547 306 547 306 574
1181 1257 1173 1257 1173 1216
38 1030 61 1030 61 1032
675 1954 655 1954 655 1889 641 1889
1209 1272 1222 1272 1222 1347 1293 1347
820 1248 812 1248 812 1186 795 1186 795 1134
1092 1309 1086 1309 1086 1197 1085 1197
1060 1877 1057 1877 1057 1803 1008 1803
499 366 475 366 475 342 448 342 448 255
664 435 660 435 660 314 632 314
185 1690 185 1655 79 1655 79 1642 73 1642
479 24 479 31 410 31 410 93
1063 1235 1132 1235 1132 1263 1190 1263
1441 1853 1477 1853 1477 1881
527 503 547 503 547 628 558 628
398 1260 335 1260 335 1248 292 1248 292 1227
1410 560 1292 560 1292 567
1236 277 1127 277 1127 196
1726 835 1603 835 1603 871
0 800 0 793 82 793 82 713
551 585 551 598 611 598 611 663 629 663
1314 422 1410 422 1410 345 1421 345 1421 340
1667 1882 1645 1882 1645 1926 1585 1926
1111 1330 1112 1330 1112 1317 1132 1317
1785 267 1785 277 1864 277 1864 318
1132 656 1132 623 1118 623 1118 547 1105 547
623 1744 623 1742 609 1742 609 1741 588 1741
121 960 118 960 118 961
1113 1936 1113 1811 1112 1811
641 20 642 20 642 10 747 10
491 1709 541 1709 541 1726
803 1600 743 1600 743 1522 741 1522
1955 126 1949 126 1949 150 1927 150 1927 170
463 1995 463 1976 480 1976 480 1913 498 1913
1641 745 1641 810 1743 810 1743 852
1535 1148 1535 1163 1541 1163 1541 1269 1547 1269
1893 1356 1913 1356 1913 1233 1921 1233
1891 1317 2006 1317 2006 1311
109 837 70 837 70 840 52 840 52 850
1336 204 1265 204 1265 161 1211 161
73 699 35 699 35 717 22 717
1147 2037 1147 2017 1231 2017 1231 1969
1272 317 1272 405 1229 405 1229 434
149 113 152 113 152 41 233 41
698 1709 698 1584 589 1584 589 1581
955 993 905 993 905 1090
97 1265 98 1265 98 1175 102 1175
1733 1247 1734 1247 1734 1178 1817 1178
911 1875 911 1861 797 1861 797 1820 796 1820
1419 1311 1405 1311 1405 1203 1377 1203
1212 1197 1221 1197 1221 1153
1775 717 1823 717 1823 756 1890 756
1485 1998 1480 1998 1480 1883 1425 1883
1415 754 1421 754 1421 846
1044 1114 1027 1114 1027 1169
64 175 94 175 94 48 184 48
671 975 652 975 652 931
1404 1140 1404 1028 1399 1028 1399 1020
1681 1905 1682 1905 1682 1824 1689 1824
1854 1396 1794 1396 1794 1455 1758 1455 1758 1514
276 1440 256 1440 256 1545 193 1545
1128 420 1143 420 1143 445
939 1522 935 1522 935 1566 880 1566 880 1603
1400 1295 1319 1295 1319 1307 1292 1307 1292 1318
110 240 110 218 127 218 127 211
1822 1710 1795 1710 1795 1782 1715 1782
1616 395 1627 395 1627 348 1653 348
900 174 900 186 971 186 971 269
1047 1250 1048 1250 1048 1340 1132 1340 1132 1362
1783 1504 1777 1504 1777 1525
955 1214 1041 1214 1041 1245
99 789 177 789 177 838
1451 610 1393 610 1393 660 1325 660 1325 674
292 359 292 303 180 303 180 279
800 719 800 794 811 794 811 833 835 833
41 1920 41 1963 105 1963 105 1968
236 1295 235 1295 235 1282 231 1282 231 1228
1893 982 1893 991 1851 991 1851 1060
2044 603 2044 599 1969 599 1969 516 1941 516
1882 1919 1921 1919 1921 1845 1928 1845
1649 191 1644 191 1644 192 1552 192 1552 194
405 35 372 35 372 127 359 127
744 474 754 474 754 458
790 2025 790 2016 786 2016 786 2004 698 2004
1622 180 1622 186 1689 186 1689 301 1720 301
197 379 206 379 206 327
250 1135 243 1135 243 1124 152 1124 152 1097
1529 1284 1554 1284 1554 1365 1644 1365 1644 1382
1273 1954 1229 1954 1229 2016 1214 2016
1914 528 1885 528 1885 531 1856 531 1856 536
499 1218 501 1218 501 1189 508 1189 508 1148
706 1778 706 1716 723 1716 723 1691 788 1691
1289 728 1322 728 1322 686
655 919 655 916 615 916 615 802 576 802
549 1524 549 1531 477 1531 477 1532 466 1532
161 1259 144 1259 144 1366 47 1366
1706 525 1616 525 1616 470 1615 470
1548 196 1548 164 1520 164 1520 159 1490 159
1698 1244 1698 1238 1630 1238 1630 1184 1598 1184
1262 577 1262 656 1263 656 1263 701
1142 1882 1143 1882 1143 1767 1185 1767
241 1235 212 1235 212 1254 169 1254 169 1346
1556 1258 1478 1258 1478 1309
341 546 341 517 403 517 403 464
1958 135 1976 135 1976 245
1504 848 1529 848 1529 894 1542 894 1542 913
56 1153 175 1153 175 1151
549 1826 552 1826 552 1840 567 1840 567 1916
1318 1306 1283 1306 1283 1276
1239 87 1227 87 1227 15 1142 15
1283 1171 1283 1099 1322 1099 1322 1079
1298 60 1298 26 1408 26 1408 25
938 551 938 483 937 483 937 481 936 481
1977 640 1957 640 1957 616 1889 616 1889 584
1394 1922 1406 1922 1406 1952 1421 1952
1324 1167 1328 1167 1328 1266
815 462 815 440 843 440 843 353
768 351 768 352 848 352 848 354
356 990 356 1002 351 1002 351 1052 350 1052
406 627 390 627 390 617 373 617 373 565
304 1580 349 1580 349 1617 389 1617
1263 1103 1253 1103 1253 997 1233 997
1650 1105 1650 1130 1651 1130 1651 1139 1673 1139
36 827 37 827 37 882 133 882
366 1106 485 1106 485 1077 486 1077 486 985
1549 358 1530 358 1530 290 1431 290
163 42 242 42 242 30 283 30 283 26
1700 1715 1701 1715 1701 1730 1737 1730
1232 1744 1232 1659 1352 1659 1352 1651
964 1338 1044 1338 1044 1366
648 823 649 823 649 853 712 853
1419 923 1420 923 1420 1017 1430 1017
279 1076 263 1076 263 972 201 972
2036 1384 2036 1343 2011 1343 2011 1326 1954 1326
706 1390 694 1390 694 1517 683 1517
1874 1578 1874 1550 1829 1550 1829 1464 1770 1464
592 989 592 991 533 991 533 1064
230 442 202 442 202 529
1911 803 1910 803 1910 930 1893 930
1626 294 1618 294 1618 297
1467 330 1467 411 1508 411 1508 417 1522 417
193 1785 90 1785 90 1848 82 1848 82 1870
1610 1895 1611 1895 1611 1801 1653 1801
543 1594 557 1594 557 1644 605 1644
1477 164 1477 166 1437 166 1437 193
854 1884 803 1884 803 1774 796 1774 796 1771
191 1947 183 1947 183 1906 138 1906 138 1825
656 1037 566 1037 566 1090 550 1090 550 1163
1354 615 1354 525 1381 525 1381 518 1461 518
68 1604 167 1604 167 1540 181 1540
1564 365 1565 365 1565 396 1649 396 1649 434
1625 373 1626 373 1626 309 1651 309 1651 304
715 742 733 742 733 700 812 700 812 665
1241 1891 1243 1891 1243 1917 1263 1917 1263 1920
456 1459 465 1459 465 1468 516 1468
476 1404 477 1404 477 1383 522 1383
965 754 926 754 926 648 845 648
902 1436 961 1436 961 1337 987 1337 987 1311
1698 790 1691 790 1691 712 1669 712
646 1054 628 1054 628 926 614 926
1479 1573 1483 1573 1483 1540 1555 1540 1555 1508
370 515 370 488 321 488 321 406 254 406
1658 583 1690 583 1690 662
1852 96 1853 96 1853 67 1946 67
338 214 338 141 401 141 401 103 427 103
632 470 618 470 618 460
1220 640 1196 640 1196 589
794 75 837 75 837 175 875 175 875 177
785 276 730 276 730 288
1399 466 1399 423 1412 423 1412 371 1449 371
825 272 930 272 930 280
191 1956 275 1956 275 1923 311 1923
1386 747 1370 747 1370 715
1980 1705 1917 1705 1917 1704
671 1644 671 1630 638 1630
202 1138 203 1138 203 1216 210 1216
97 1142 143 1142 143 1263
1334 1648 1333 1648 1333 1638 1330 1638 1330 1637
1249 1235 1249 1173 1278 1173 1278 1151
234 799 234 816 192 816 192 879 173 879
457 5 458 5 458 111 494 111
494 1428 494 1405 411 1405 411 1396
1892 868 1971 868 1971 877
990 22 928 22 928 139 913 139 913 140
1845 2042 1845 1983 1946 1983 1946 1953 1962 1953
272 1652 300 1652 300 1609 348 1609
548 195 548 136 426 136 426 108 425 108
274 202 275 202 275 178 319 178
941 714 1028 714 1028 683
1311 416 1201 416 1201 320 1196 320
1484 2018 1610 2018 1610 2015
1156 1212 1162 1212 1162 1147 1236 1147
1465 15 1439 15 1439 102 1394 102
1695 1526 1691 1526 1691 1509 1677 1509 1677 1403
547 849 672 849 672 813
819 1770 815 1770 815 1751 789 1751 789 1719
1861 1624 1862 1624 1862 1523 1948 1523
957 1218 957 1293 1018 1293 1018 1326
990 1495 1075 1495 1075 1491
1413 140 1445 140 1445 105 1458 105
329 463 343 463 343 345
306 1542 296 1542 296 1589 273 1589 273 1627
1794 861 1797 861 1797 910 1867 910
73 1731 51 1731 51 1623 30 1623
422 990 422 917 501 917
1892 171 1897 171 1897 164 1919 164 1919 161
1742 1359 1743 1359 1743 1251 1758 1251
1993 886 2033 886 2033 970
37 1336 29 1336 29 1355 28 1355 28 1420
1325 1131 1325 1093 1403 1093 1403 1030 1445 1030
809 1317 809 1282 935 1282 935 1252
912 281 912 352 894 352 894 378
1964 2032 1984 2032 1984 2027 1986 2027 1986 1990
1657 35 1659 35 1659 62 1744 62
1183 724 1184 724 1184 694 1229 694
1996 140 1995 140 1995 66 1884 66
1742 1174 1818 1174 1818 1185 1833 1185
1475 1433 1448 1433 1448 1426
1949 1182 1926 1182 1926 1079 1918 1079 1918 1078
47 245 47 238 50 238 50 226 61 226
693 61 680 61 680 15 655 15
1893 38 1879 38 1879 148 1848 148
875 375 876 375 876 364 954 364
1302 75 1302 14 1342 14
480 1734 445 1734 445 1716
238 1325 239 1325 239 1237 271 1237
714 165 726 165 726 110
834 23 786 23 786 75
532 1539 463 1539 463 1422
892 1724 892 1688 794 1688 794 1670
1457 1460 1377 1460 1377 1509
128 1075 128 1002 102 1002 102 955 72 955
1734 1530 1778 1530 1778 1523 1789 1523
1294 1236 1296 1236 1296 1260 1372 1260
96 1055 101 1055 101 959 139 959
1420 1946 1414 1946 1414 1838 1380 1838
1062 319 967 319 967 316 956 316 956 314
973 1209 1045 1209 1045 1187
209 732 209 707 140 707 140 690
1244 1561 1254 1561 1254 1648
1930 2019 1860 2019 1860 1953
270 665 276 665 276 596 330 596 330 564
205 1885 205 1891 102 1891 102 1962 88 1962
194 353 195 353 195 263 218 263
1443 812 1443 845 1543 845 1543 908 1545 908
1204 508 1178 508 1178 507 1086 507
1395 175 1395 147 1467 147 1467 99 1482 99
728 1217 728 1127 683 1127
612 468 615 468 615 530 688 530 688 592
1308 958 1322 958 1322 934
202 554 221 554 221 454
1373 1232 1349 1232 1349 1131
1819 641 1817 641 1817 525
619 1673 619 1674 634 1674 634 1714 718 1714
2041 679 2041 600 1968 600 1968 558
1358 1005 1379 1005 1379 1092
510 1915 520 1915 520 1859 632 1859 632 1829
1107 1846 1092 1846 1092 1781 985 1781 985 1772
1503 731 1545 731 1545 808
8 1966 8 1877 65 1877 65 1845
1844 1055 1798 1055 1798 1070
1278 634 1272 634 1272 520
871 1446 881 1446 881 1432
720 1657 720 1691 722 1691 722 1707
1950 281 1950 318 1961 318 1961 329
1213 1283 1216 1283 1216 1285
1058 1778 1058 1760 943 1760 943 1672
1486 288 1420 288 1420 332 1409 332 1409 409
1882 1458 1883 1458 1883 1506 1981 1506
655 1118 655 1086 668 1086 668 1040 755 1040
43 1423 43 1543 105 1543 105 1551
1131 1238 1090 1238 1090 1236
68 317 97 317 97 313
782 684 759 684 759 648 758 648
14 1121 14 1108 15 1108 15 1088
940 562 992 562 992 482 1067 482
1456 884 1456 882 1405 882 1405 872
989 1688 989 1741 1098 1741 1098 1774 1106 1774
1510 585 1494 585 1494 627 1446 627
95 13 86 13 86 94
208 700 314 700 314 713
1798 259 1796 259 1796 263 1783 263 1783 279
1499 1591 1499 1581 1498 1581 1498 1568
1313 1812 1313 1797 1392 1797 1392 1749
678 1024 601 1024 601 1031 592 1031 592 1085
543 783 543 850 555 850 555 872 652 872
1330 332 1316 332 1316 212 1307 212
540 867 540 803 537 803 537 800 427 800
1839 163 1841 163 1841 166 1850 166 1850 167
1069 1476 1102 1476 1102 1446 1170 1446
126 86 126 138 165 138 165 214
490 664 444 664 444 628 381 628 381 618
464 788 464 771 579 771 579 770
568 359 541 359 541 320 503 320 503 319
1868 1742 1868 1793 1806 1793 1806 1825
2000 1965 1954 1965 1954 2021 1936 2021
1494 1796 1525 1796 1525 1692 1600 1692 1600 1672
804 1061 681 1061 681 1147
1927 1827 1846 1827 1846 1793
892 1348 892 1316 880 1316 880 1244 874 1244
2000 563 1970 563 1970 509 1872 509
1183 1101 1252 1101 1252 1127
2009 914 2005 914 2005 908 1995 908 1995 904
405 1158 408 1158 408 1194
417 1576 430 1576 430 1571 437 1571 437 1570
196 1024 181 1024 181 1022 137 1022 137 1014
1040 1655 1044 1655 1044 1561 1125 1561 1125 1537
1336 1191 1336 1214 1308 1214 1308 1255
1922 1436 1799 1436 1799 1531
1277 705 1349 705 1349 667 1390 667
1392 646 1299 646 1299 606 1281 606
384 1484 363 1484 363 1518
813 166 813 150 940 150 940 105
1793 533 1794 533 1794 540 1910 540
907 1396 882 1396 882 1459 872 1459
822 1624 866 1624 866 1546 934 1546
1334 1980 1356 1980 1356 1995
1083 680 1110 680 1110 799 1133 799
1509 1664 1484 1664 1484 1625
1482 1571 1482 1538 1535 1538 1535 1506
196 1019 196 993 200 993 200 931 248 931
1640 1077 1640 1121 1637 1121 1637 1129 1627 1129
1423 993 1424 993 1424 1016 1526 1016
1694 1573 1630 1573 1630 1515 1599 1515
30 1830 70 1830 70 1878 146 1878 146 1889
1498 456 1515 456 1515 428
1824 1434 1848 1434 1848 1532
45 1021 90 1021 90 972 100 972
863 1583 864 1583 864 1503 895 1503
1394 1921 1270 1921 1270 1924
1178 1509 1171 1509 1171 1389 1071 1389
1939 1717 1924 1717 1924 1706 1905 1706 1905 1705
387 1849 370 1849 370 1773 325 1773
1531 443 1531 418 1442 418 1442 372
14 575 14 580 76 580 76 600
1525 196 1463 196 1463 218 1428 218
1511 1267 1511 1303 1565 1303 1565 1346 1582 1346
285 266 285 287 321 287 321 303 329 303
1176 1429 1181 1429 1181 1454
823 520 778 520 778 612
739 1145 756 1145 756 1249 815 1249
1343 1855 1295 1855 1295 1900 1294 1900
1649 1595 1639 1595 1639 1608 1562 1608
766 219 766 166 701 166 701 115
1866 1544 1866 1598 1937 1598 1937 1601
1043 653 1049 653 1049 698 1059 698 1059 716
1248 176 1184 176 1184 169 1163 169
1809 918 1809 919 1795 919 1795 929
1597 359 1597 364 1566 364 1566 408 1537 408
1230 1012 1230 980 1171 980 1171 962 1136 962
491 1642 488 1642 488 1613
21 407 21 370 25 370 25 323 28 323
1898 729 1898 730 1985 730 1985 737
1023 333 1000 333 1000 446
261 1375 261 1399 247 1399 247 1492
1243 704 1243 660 1196 660 1196 645 1191 645
1575 674 1479 674 1479 653
1198 1994 1198 1937 1112 1937 1112 1894
1695 1398 1695 1492 1694 1492 1694 1509
1826 1170 1834 1170 1834 1232 1922 1232 1922 1295
955 1683 966 1683 966 1601 970 1601
406 200 406 173 314 173 314 153 286 153
934 1565 824 1565 824 1491
927 1667 923 1667 923 1589 922 1589
205 87 196 87 196 78 86 78
2024 877 1973 877 1973 932
1347 1412 1347 1413 1313 1413 1313 1415 1235 1415
64 550 64 565 138 565 138 677 158 677
106 872 99 872 99 810
47 830 47 831 130 831 130 862 154 862
1875 1543 1900 1543 1900 1527 1961 1527 1961 1525
390 830 368 830 368 891 283 891 283 955
1677 502 1677 441 1706 441 1706 427 1726 427
710 1583 682 1583 682 1578
791 2001 789 2001 789 1899
1789 291 1779 291 1779 220 1737 220
1953 1299 1967 1299 1967 1229 1969 1229
90 133 46 133 46 21 15 21
1843 1698 1824 1698 1824 1602 1725 1602
1861 1293 1809 1293 1809 1310
856 81 761 81 761 131
848 684 848 733 898 733 898 805 950 805
1369 1252 1329 1252 1329 1282 1294 1282
1252 1273 1252 1264 1127 1264 1127 1262
386 1450 386 1458 432 1458 432 1549
2017 257 2029 257 2029 252
818 669 870 669 870 680 904 680
173 1087 177 1087 177 1183
1685 904 1605 904 1605 838 1560 838 1560 798
664 582 692 582 692 476
1856 1656 1875 1656 1875 1550 1971 1550
320 411 320 422 231 422 231 484
494 1125 488 1125 488 1151 381 1151
543 357 494 357 494 278 474 278 474 256
1937 988 1937 1005 1824 1005 1824 1009
2002 473 2010 473 2010 437 2041 437 2041 349
491 742 482 742 482 709 437 709
1239 1696 1278 1696 1278 1801 1310 1801
431 1323 421 1323 421 1399
2002 319 1996 319 1996 246 1951 246 1951 200
1041 1693 1041 1656 1051 1656 1051 1609
1477 728 1435 728 1435 612 1401 612
154 978 185 978 185 1020 254 1020 254 1071
424 68 540 68 540 52 550 52
70 451 70 425 67 425 67 369 66 369
528 467 480 467 480 527 443 527
1758 825 1758 804 1811 804 1811 769 1862 769
980 1185 980 1149 873 1149 873 1137
1032 721 1020 721 1020 742 946 742 946 747
1577 2032 1625 2032 1625 1963 1654 1963
1232 760 1232 807 1121 807 1121 810
1935 1093 1935 1008 1945 1008 1945 1004 1968 1004
1846 1905 1796 1905 1796 1950 1769 1950
507 1427 524 1427 524 1347
179 1804 180 1804 180 1862 268 1862
1837 478 1883 478 1883 383 1908 383 1908 368
1812 843 1744 843 1744 879 1711 879
490 1504 490 1516 602 1516 602 1533
613 925 613 839 528 839 528 810 485 810
191 638 203 638 203 643
790 999 725 999 725 935 710 935
1527 44 1449 44 1449 66
504 1478 543 1478 543 1512 569 1512
806 1361 806 1362 855 1362 855 1480 871 1480
846 632 743 632 743 627 735 627 735 619
1360 1613 1365 1613 1365 1637 1386 1637 1386 1681
1562 574 1562 593 1511 593 1511 664
1158 125 1141 125 1141 42
999 841 999 814 959 814 959 723 907 723
535 649 532 649 532 658
1415 1706 1524 1706 1524 1719
452 1896 452 1906 372 1906 372 2020 362 2020
365 1186 365 1210 459 1210 459 1290
5 1663 50 1663 50 1704
1085 118 1085 154 1049 154 1049 237
3 716 3 613 34 613
1843 1684 1844 1684 1844 1720 1930 1720
1941 709 1937 709 1937 807 1918 807
1787 1676 1794 1676 1794 1779
648 844 639 844 639 796 636 796 636 758
1608 200 1550 200 1550 225 1493 225
585 1875 585 1877 654 1877 654 1967 673 1967
32 510 18 510 18 511
1126 1504 1100 1504 1100 1519 1021 1519 1021 1544
747 1029 669 1029 669 1027
2027 466 2027 507 2000 507 2000 562
968 847 969 847 969 868 1002 868
1969 970 1963 970 1963 935 1961 935
1496 1905 1496 1890 1497 1890 1497 1872 1501 1872
62 1313 81 1313 81 1368
1476 1839 1524 1839 1524 1836 1571 1836 1571 1835
12 1160 80 1160 80 1162 135 1162 135 1164
1688 36 1675 36 1675 12 1614 12
1619 1163 1619 1158 1625 1158 1625 1151 1627 1151
1268 1129 1268 1147 1343 1147 1343 1213
1517 1337 1517 1315 1398 1315 1398 1308 1392 1308
916 750 925 750 925 736
1892 899 1892 911 1784 911 1784 1020
1205 1898 1219 1898 1219 1980
32 1277 46 1277 46 1269 124 1269 124 1223
1038 360 1070 360 1070 410 1129 410
554 38 551 38 551 90 467 90
60 1581 60 1555 72 1555 72 1546 90 1546
149 226 149 139 119 139 119 123
583 793 509 793 509 794
1376 512 1407 512 1407 538 1408 538
1090 355 984 355 984 375
621 1524 678 1524 678 1407 693 1407
1144 1690 1144 1712 1190 1712 1190 1793 1216 1793
1717 1398 1631 1398 1631 1403 1615 1403 1615 1413
1146 1783 1178 1783 1178 1781 1273 1781
405 1588 405 1589 410 1589 410 1601
177 1632 228 1632 228 1698 261 1698
1167 122 1274 122 1274 119
746 1686 758 1686 758 1737 769 1737 769 1755
1079 895 1072 895 1072 899 1071 899 1071 902
1909 1268 1909 1330 1928 1330 1928 1334 1983 1334
929 473 931 473 931 425
698 639 704 639 704 646 764 646 764 697
513 1611 513 1567 603 1567 603 1566
1132 371 1132 368 1255 368 1255 357
136 1897 137 1897 137 1991 147 1991
389 19 350 19 350 116 338 116
511 1154 613 1154 613 1138
400 86 400 140 329 140 329 206
1796 918 1796 855 1816 855 1816 823 1879 823
453 399 419 399 419 323
1801 526 1838 526 1838 560 1840 560 1840 634
150 564 200 564 200 497
1360 1922 1357 1922 1357 2008 1312 2008
703 1482 737 1482 737 1491
802 1805 775 1805 775 1762
33 1769 72 1769 72 1871 124 1871
272 1570 180 1570 180 1599
252 1129 236 1129 236 1144 210 1144 210 1157
1915 583 1915 577 1823 577 1823 551
63 715 63 754 64 754 64 792 66 792
257 629 257 684 263 684 263 748 268 748
1555 368 1560 368 1560 427 1564 427 1564 455
758 96 727 96 727 62 679 62 679 48
154 84 154 100 182 100 182 201 220 201
740 1591 738 1591 738 1498
1517 462 1491 462 1491 510 1455 510
215 963 299 963 299 1028
1669 673 1660 673 1660 736
1010 157 1016 157 1016 215
505 1902 505 1918 484 1918 484 2003
600 202 600 125 556 125 556 117 488 117
1979 98 1979 37 1896 37
1526 544 1561 544 1561 592
1984 162 1928 162 1928 189 1920 189
996 1090 1028 1090 1028 1067
1649 938 1649 923 1537 923 1537 897 1524 897
1869 1092 1869 1076 1874 1076 1874 1051
343 1987 343 1926 341 1926 341 1907 281 1907
1041 834 1037 834 1037 833 987 833 987 832
253 901 253 832 194 832 194 818
668 160 661 160 661 258 640 258
441 1073 347 1073 347 993
1446 478 1398 478 1398 403 1354 403
1732 955 1724 955 1724 953 1713 953 1713 915
13 1926 13 1945 60 1945 60 2024 87 2024
1196 1395 1094 1395 1094 1463 1068 1463
725 173 682 173 682 177
1045 540 1046 540 1046 541 1056 541
1305 748 1305 778 1370 778 1370 784 1386 784
1799 1102 1797 1102 1797 1051
591 474 654 474 654 473 714 473 714 440
260 542 283 542 283 430 300 430
1472 1933 1472 1962 1421 1962 1421 2001
1965 1613 1965 1597 1889 1597 1889 1552
733 46 660 46 660 124 637 124 637 149
1111 1174 1083 1174 1083 1252
514 1206 460 1206 460 1291 429 1291 429 1293
1982 347 1982 306 1984 306 1984 260 1997 260
1022 1404 1022 1377 1038 1377 1038 1348 1093 1348
1504 1537 1502 1537 1502 1448 1376 1448
1697 1905 1778 1905 1778 1908
576 755 550 755 550 685 525 685
1530 196 1530 207 1492 207 1492 255
1921 1727 1921 1755 1933 1755 1933 1767 1936 1767
792 481 792 368 730 368 730 357
1113 694 1150 694 1150 641 1231 641 1231 635
1694 984 1699 984 1699 886 1792 886
1319 859 1343 859 1343 903
1424 81 1424 101 1312 101 1312 109
1709 1527 1710 1527 1710 1535 1827 1535
1787 1203 1799 1203 1799 1244
541 1906 541 1905 577 1905 577 1903 653 1903
1661 1105 1651 1105 1651 981 1559 981 1559 980
1009 1986 959 1986 959 1902
373 251 415 251 415 169 466 169
376 722 376 716 353 716 353 706 349 706
603 1158 591 1158 591 1117 588 1117
1337 2034 1375 2034 1375 2038
1518 1192 1513 1192 1513 1298
1193 1748 1226 1748 1226 1795 1261 1795
567 1776 565 1776 565 1734 547 1734
649 1018 649 920 656 920 656 907 703 907
1121 526 1070 526 1070 556
764 801 766 801 766 813 793 813
111 198 16 198 16 196
523 1182 523 1200 441 1200 441 1269
985 141 979 141 979 229 963 229
828 294 944 294 944 399 947 399
1056 1243 1056 1206 1063 1206 1063 1152 1161 1152
1052 1058 1090 1058 1090 1031 1145 1031 1145 1021
508 1793 515 1793 515 1881 519 1881
655 1376 655 1413 540 1413 540 1458 535 1458
1035 1502 1035 1425 1034 1425 1034 1423
198 1296 272 1296 272 1312
921 1370 856 1370 856 1445 804 1445 804 1460
1462 1555 1456 1555 1456 1665
237 1876 237 1807 314 1807 314 1803
1028 36 1028 84 935 84 935 116
204 290 270 290 270 279
1396 146 1408 146 1408 125 1437 125 1437 107
470 192 470 238 588 238 588 271
1630 636 1615 636 1615 669 1584 669 1584 700
1335 1916 1335 1906 1413 1906 1413 1859
557 376 557 360 569 360 569 318 633 318
580 280 580 286 498 286 498 353 495 353
943 377 943 417 894 417 894 491 893 491
386 1321 387 1321 387 1344 479 1344
1473 1300 1473 1369 1399 1369 1399 1414 1374 1414
1619 757 1569 757 1569 813
838 1241 838 1271 789 1271 789 1342
1320 1580 1268 1580 1268 1652
527 906 527 901 596 901 596 879
976 485 976 474 910 474 910 445
1816 1670 1743 1670 1743 1721 1702 1721
1474 317 1474 319 1451 319 1451 332
134 2008 101 2008 101 1975
536 384 536 455 644 455 644 463
1570 636 1570 665 1496 665 1496 731 1473 731
651 1353 656 1353 656 1389 728 1389
659 381 568 381 568 498 545 498
1304 679 1304 622 1361 622 1361 560 1370 560
1937 454 1828 454 1828 459
778 1120 864 1120 864 1087 879 1087
1068 1919 1081 1919 1081 1967 1105 1967
1242 168 1207 168 1207 127 1198 127
564 1780 481 1780 481 1681 474 1681
2021 342 1998 342 1998 415 1911 415
1637 167 1698 167 1698 221
1761 1837 1745 1837 1745 1925 1698 1925
1555 364 1555 366 1549 366 1549 385 1522 385
1299 1407 1300 1407 1300 1325 1302 1325 1302 1288
0 298 5 298 5 374
2012 1169 1990 1169 1990 1222 1922 1222 1922 1230
51 129 51 121 56 121 56 112 151 112
1699 1122 1712 1122 1712 1143 1758 1143 1758 1146
1181 21 1217 21
869 1984 946 1984 946 2025
1901 925 1864 925 1864 923 1776 923 1776 905
177 878 177 858 131 858 131 799 122 799
1602 30 1582 30 1582 116 1570 116
916 433 934 433 934 462
1878 54 1834 54 1834 122
565 1701 569 1701 569 1744 572 1744 572 1750
1397 1046 1397 965 1295 965 1295 950 1293 950
1021 204 1045 204 1045 126
169 1261 170 1261 170 1358 287 1358
1167 306 1216 306 1216 392
1877 891 1877 834 1756 834 1756 804 1752 804
1251 529 1264 529 1264 594 1371 594
1674 23 1624 23 1624 19 1606 19 1606 6
1564 1973 1551 1973 1551 1976 1542 1976 1542 2001
274 1661 297 1661 297 1543 374 1543 374 1541
1535 473 1492 473 1492 567 1431 567
1056 393 1038 393 1038 441
1949 568 1949 564 1941 564 1941 563 1824 563
1329 1225 1330 1225 1330 1273 1453 1273 1453 1350
1783 1382 1783 1316 1868 1316 1868 1302
134 857 191 857 191 815 232 815 232 801
1975 603 1951 603 1951 612 1849 612
1395 991 1322 991 1322 1024 1308 1024 1308 1098
1859 852 1817 852 1817 857 1798 857
187 845 190 845 190 791 311 791 311 740
1399 95 1354 95 1354 100 1331 100
1215 1557 1126 1557 1126 1531 1120 1531
873 598 873 633 829 633 829 689
1511 1334 1568 1334 1568 1304
1157 464 1157 465 1173 465 1173 512 1190 512
1742 2003 1697 2003 1697 1978
1590 1393 1590 1407 1474 1407 1474 1421
728 1744 728 1756 819 1756 819 1827 852 1827
1276 1162 1276 1137 1340 1137 1340 1100 1389 1100
1511 304 1519 304 1519 392
1832 1731 1890 1731 1890 1835 1893 1835 1893 1859
1117 1434 1118 1434 1118 1425 1179 1425
1322 1399 1369 1399 1369 1306 1398 1306 1398 1305
422 1512 399 1512 399 1530
1992 1682 2004 1682 2004 1597 2010 1597
1171 371 1171 396 1159 396 1159 433 1158 433
1940 961 1895 961 1895 1067 1886 1067
1562 47 1475 47 1475 57
152 1875 147 1875 147 1890 96 1890
1344 1650 1353 1650 1353 1673 1457 1673
846 1214 729 1214 729 1226 722 1226
2002 1564 1999 1564 1999 1512 1944 1512
1402 1292 1296 1292 1296 1294
33 2003 33 1970 117 1970 117 1926 136 1926
668 482 694 482 694 522 719 522
1410 1154 1409 1154 1409 1125
786 551 839 551 839 504 903 504 903 434
1026 1524 1103 1524 1103 1401 1131 1401
612 639 616 639 616 598 686 598 686 588
899 204 899 218 900 218 900 242 906 242
1104 366 1176 366 1176 316
1196 1311 1196 1234 1244 1234 1244 1199
238 437 292 437 292 501
797 687 806 687 806 655 807 655 807 627
234 1011 262 1011 262 1111
1966 633 1966 634 1999 634 1999 713 2028 713
295 871 295 831 206 831 206 822
1370 319 1370 337 1288 337 1288 356 1285 356
1913 765 1938 765 1938 720 1980 720 1980 656
878 814 878 869 901 869 901 871 908 871
1388 1095 1376 1095 1376 1045 1357 1045
696 632 677 632 677 744 660 744 660 748
530 711 530 706 532 706 532 701 536 701
613 95 621 95 621 172 692 172
136 220 13 220 13 243
16 1293 16 1297 120 1297 120 1316
2038 880 2025 880 2025 767 1987 767
761 1101 761 1000 824 1000 824 981
1623 185 1624 185 1624 148 1670 148
638 261 638 287 544 287 544 378 519 378
345 1675 430 1675 430 1672
255 1866 322 1866 322 1769 366 1769
1884 459 1884 461 1933 461 1933 502 1958 502
861 1823 944 1823 944 1867
1062 1124 1087 1124 1087 1224 1105 1224
765 1258 765 1244 750 1244 750 1149 740 1149
1717 222 1778 222 1778 257
1134 1158 1134 1213 1156 1213 1156 1260 1180 1260
750 265 732 265 732 257
1294 964 1294 932 1272 932 1272 853 1261 853
1573 1742 1580 1742 1580 1695
534 206 528 206 528 143 463 143
907 1467 907 1504 876 1504 876 1545
552 1184 552 1159 621 1159 621 1153
1414 410 1425 410 1425 512 1458 512 1458 536
1090 1400 1023 1400 1023 1484 1007 1484
1892 1908 1847 1908 1847 1896 1839 1896
916 290 931 290 931 230 966 230
1882 428 1855 428 1855 403
906 343 851 343 851 469 805 469
604 1700 573 1700 573 1782 532 1782 532 1806
352 1883 387 1883 387 1920 433 1920
1053 875 1053 886 1087 886 1087 950
711 1323 751 1323 751 1276
1407 1132 1407 1141 1292 1141 1292 1173
174 1542 174 1546 221 1546 221 1557
1038 1551 945 1551 945 1632 944 1632
1214 1594 1145 1594 1145 1710
1825 1761 1837 1761 1837 1736
374 248 391 248 391 203 414 203 414 187
572 53 562 53 562 112 449 112 449 167
1073 1492 1051 1492 1051 1482
1544 1184 1544 1203 1580 1203 1580 1211 1643 1211
1442 560 1449 560 1449 532
1099 1008 1170 1008 1170 981
496 1290 496 1294 396 1294 396 1411 382 1411
974 1499 974 1520 948 1520 948 1572 853 1572
1833 897 1833 909 1948 909 1948 927
383 171 382 171 382 154 348 154 348 145
1925 1176 1925 1168 1904 1168 1904 1160 1875 1160
466 1975 418 1975 418 1962 411 1962
1712 1423 1753 1423 1753 1383 1799 1383 1799 1366
1891 130 1891 172 1917 172 1917 186
274 1434 275 1434 275 1332 284 1332
686 103 686 132 698 132 698 150 718 150
1926 1319 1922 1319 1922 1340 1921 1340 1921 1348
947 1317 922 1317 922 1288 840 1288
1102 1880 1094 1880 1094 1855
794 1884 794 1879 730 1879 730 1843 708 1843
1805 647 1785 647 1785 542 1709 542 1709 534
23 629 27 629 27 678 141 678 141 705
503 51 573 51 573 73 580 73
640 1633 618 1633 618 1601 567 1601 567 1588
1373 729 1434 729 1434 651
1692 1555 1692 1541 1648 1541 1648 1505 1646 1505
1933 1621 1985 1621 1985 1611
1357 665 1391 665 1391 710 1415 710
947 1011 952 1011 952 1096 1067 1096
589 1080 590 1080 590 1061 666 1061
1498 1445 1498 1408 1548 1408 1548 1382
1176 241 1176 213 1156 213 1156 150
148 1494 140 1494 140 1601
1478 9 1478 17 1444 17 1444 126
756 710 756 734 746 734 746 743
1073 1885 1074 1885 1074 1768 1096 1768
1810 234 1810 264 1791 264 1791 338 1729 338
1645 101 1607 101 1607 17 1606 17
1919 1390 1919 1367 2018 1367 2018 1347
282 307 282 322 267 322 267 348 159 348
1171 89 1171 145 1118 145 1118 213 1103 213
1793 1454 1793 1384 1739 1384 1739 1364
102 814 103 814 103 772 211 772 211 763
681 538 681 572 591 572 591 597 577 597
185 1889 185 1890 232 1890 232 2012 313 2012
1989 1550 1972 1550 1972 1521 1956 1521
557 662 560 662 560 570 659 570
92 469 95 469 95 411 212 411 212 361
1194 1134 1194 1102 1096 1102 1096 1037 1095 1037
1698 928 1636 928 1636 927 1583 927 1583 919
1195 1011 1209 1011 1209 1013 1321 1013 1321 1023
623 1291 574 1291 574 1304 555 1304
48 1441 48 1455 159 1455 159 1547
255 1507 223 1507 223 1438 166 1438
567 436 567 379 581 379 581 337 615 337
546 533 546 535 541 535 541 536 483 536
1742 1661 1742 1694 1725 1694 1725 1700 1692 1700
1560 1969 1552 1969 1552 1970 1442 1970
592 1882 536 1882 536 1943 479 1943
861 684 874 684 874 572 925 572
843 1498 843 1371 832 1371 832 1370
1969 801 1969 856 1895 856 1895 921 1861 921
1720 575 1630 575 1630 559
587 670 500 670 500 565 462 565
28 1335 28 1298 107 1298 107 1259
987 623 987 637 961 637 961 668 945 668
711 1536 711 1519 799 1519 799 1439
1975 851 1990 851 1990 868
1466 1190 1455 1190 1455 1077 1454 1077
197 1464 222 1464 222 1568 253 1568
386 1904 371 1904 371 2005
442 144 333 144 333 105
617 1753 611 1753 611 1818 591 1818 591 1854
479 490 479 514 412 514 412 600
677 1673 633 1673 633 1785 616 1785
1209 113 1233 113 1233 191
401 1088 401 1080 403 1080 403 1001 419 1001
1481 1507 1437 1507 1437 1434 1380 1434
1097 1256 1049 1256 1049 1170 988 1170 988 1163
1174 813 1074 813 1074 885
1650 1167 1564 1167 1564 1248
867 286 875 286 875 265
1841 1578 1841 1657 1875 1657 1875 1678
57 456 55 456 55 448 48 448 48 423
396 434 396 388 399 388 399 361 400 361
1819 1143 1819 1146 1818 1146 1818 1150 1729 1150
1666 809 1620 809 1620 716 1591 716
1742 1236 1743 1236 1743 1237 1746 1237
785 803 785 701 836 701 836 687
1377 1910 1424 1910 1424 1783 1432 1783
351 667 351 620 318 620 318 617 305 617
1075 120 999 120 999 149
1239 2043 1140 2043 1140 1969
64 694 65 694 65 613 91 613
290 825 290 822 310 822 310 818 379 818
688 226 626 226 626 190
1730 990 1730 1076 1775 1076 1775 1111 1850 1111
340 236 350 236 350 174 400 174 400 163
1818 9 1825 9 1825 123 1860 123 1860 131
603 1634 586 1634 586 1524 574 1524
1177 1077 1181 1077 1181 1013 1206 1013
2005 831 2017 831 2017 808
1088 1065 1088 1150 1091 1150 1091 1157 1095 1157
1886 1397 1932 1397 1932 1459 1949 1459
1871 122 1861 122 1861 41 1860 41
207 219 219 219 219 265 301 265 301 293
1735 1885 1734 1885 1734 1922 1687 1922 1687 2013
695 102 701 102 701 69
1835 362 1835 374 1851 374 1851 431 1908 431
1703 1849 1703 1857
1038 381 1029 381 1029 434 967 434 967 443
1608 230 1608 248 1585 248 1585 312 1550 312
275 1722 298 1722 298 1704
685 1740 617 1740 617 1753 580 1753 580 1770
616 1098 616 1088 647 1088 647 1023
304 465 241 465 241 537
2047 728 2047 680 2025 680 2025 601 1985 601
959 1480 1006 1480 1006 1362 1022 1362
327 735 406 735 406 644 430 644
522 1742 523 1742 523 1756 617 1756
741 1729 784 1729 784 1760 797 1760 797 1773
1 1876 61 1876 61 1849
1095 86 1117 86 1117 185
1517 1817 1575 1817 1575 1931 1584 1931
213 1652 215 1652 215 1656 226 1656
1084 497 1084 509 1122 509 1122 580 1152 580
2018 1839 1979 1839 1979 1887 1928 1887
1743 1199 1735 1199 1735 1248 1669 1248 1669 1267
1664 545 1690 545 1690 557 1772 557
1178 294 1178 214 1149 214 1149 167 1051 167
101 1710 91 1710 91 1671
1239 23 1239 59 1169 59 1169 144
351 1603 391 1603 391 1649
1649 412 1608 412 1608 501 1524 501
721 1351 703 1351 703 1341 651 1341
1853 1286 1854 1286 1854 1214 1912 1214
604 76 604 99 650 99 650 100 654 100
1995 953 1995 949 1997 949 1997 936 2035 936
1929 280 1916 280 1916 380 1910 380 1910 388
1231 1228 1231 1176 1204 1176 1204 1117 1133 1117
1612 955 1652 955 1652 1070 1661 1070
613 737 637 737 637 795 650 795 650 812
834 752 837 752 837 674 869 674
1085 817 1158 817 1158 887 1211 887
1529 100 1483 100 1483 167 1451 167 1451 214
742 1050 758 1050 758 1117 863 1117
52 328 30 328 30 211 26 211
291 1335 291 1340 307 1340 307 1400 334 1400
1574 554 1554 554 1554 563 1476 563 1476 565
1584 929 1536 929 1536 908
1839 1321 1839 1358 1966 1358 1966 1426
824 1443 789 1443 789 1492 716 1492 716 1517
584 46 581 46 581 134 535 134
333 772 317 772 317 732 316 732 316 684
1281 1215 1273 1215 1273 1203 1258 1203
1847 373 1902 373 1902 275 1970 275 1970 246
757 709 757 744 710 744 710 790
1308 39 1309 39 1309 66 1404 66
57 216 57 208 37 208 37 103 34 103
1713 369 1713 302 1681 302 1681 243
589 1737 589 1836 687 1836 687 1863 710 1863
1956 602 1956 596 1957 596 1957 529
948 177 948 168 956 168 956 133 1039 133
373 1396 373 1392 293 1392 293 1376 281 1376
1388 1530 1388 1492 1306 1492 1306 1460 1290 1460
825 1484 825 1493 838 1493 838 1513 840 1513
1022 1265 1022 1327 1085 1327 1085 1339
1824 333 1824 435 1949 435 1949 442
1836 984 1849 984 1849 936 1933 936 1933 916
1096 598 1097 598 1097 563 1103 563
912 1862 912 1876 902 1876 902 1974 834 1974
1833 791 1833 778 1706 778 1706 684
954 1615 954 1604 975 1604 975 1555 1043 1555
791 404 763 404 763 400
1338 2002 1344 2002 1344 1962 1345 1962 1345 1907
303 91 319 91 319 167 395 167
2029 286 2029 330 1917 330 1917 347
713 1814 736 1814 736 1717 777 1717
303 790 303 704 345 704 345 663 405 663
742 1230 742 1221 736 1221 736 1219 716 1219
1311 1128 1324 1128 1324 1076 1367 1076 1367 1052
1780 515 1708 515 1708 567 1666 567
1944 587 1944 517 1935 517 1935 504 1875 504
837 1476 857 1476 857 1374 932 1374
1256 498 1325 498 1325 448
1511 697 1526 697 1526 701 1585 701 1585 717
1822 1522 1822 1532 1737 1532 1737 1603
1787 437 1788 437 1788 468 1859 468
1249 529 1249 479 1205 479 1205 460 1184 460
181 116 181 124 175 124 175 137 135 137
1360 1789 1360 1732 1232 1732
1372 1471 1372 1509 1244 1509 1244 1512
639 2 639 15 561 15 561 90
1142 1676 1142 1687 1065 1687 1065 1780 1017 1780
243 204 166 204 166 254 152 254
1948 149 1948 106 1844 106 1844 76
1475 1420 1592 1420 1592 1423 1601 1423 1601 1427
1994 1990 2016 1990 2016 2018
1541 1397 1520 1397 1520 1400 1499 1400 1499 1405
1757 2019 1760 2019 1760 2020 1836 2020 1836 2022
946 263 947 263 947 344
1776 1069 1777 1069 1777 956 1848 956
403 1613 390 1613 390 1619 315 1619
963 1911 963 1869 1077 1869 1077 1812
1156 178 1256 178 1256 175 1264 175 1264 174
1400 179 1366 179 1366 181
2 860 9 860 9 916
294 1136 267 1136 267 1226 179 1226
1944 152 1972 152 1972 237 1985 237
1665 1047 1665 1045 1664 1045 1664 1043 1661 1043
1110 1803 1089 1803 1089 1684 1024 1684 1024 1679
1274 865 1274 961 1182 961 1182 978
1456 795 1456 748 1356 748 1356 669
1148 1661 1148 1658 1275 1658 1275 1589
833 1684 833 1657 818 1657
925 1650 926 1650 926 1625 964 1625
1978 62 1903 62 1903 76 1897 76 1897 105
1966 1288 1966 1205 1942 1205 1942 1196 1875 1196
1341 1802 1423 1802 1423 1866
1395 1913 1381 1913 1381 2039 1337 2039
211 282 199 282 199 363 197 363
1202 303 1217 303 1217 349 1240 349 1240 383
895 1822 901 1822 901 1943
686 2025 724 2025 724 2012
600 867 600 749 678 749 678 740 716 740
1877 479 1816 479 1816 466 1803 466 1803 437
1936 363 1936 389 1884 389 1884 450 1837 450
952 385 952 418 895 418 895 503
905 995 953 995 953 1081 993 1081
1079 1267 1181 1267
1436 1820 1436 1813 1309 1813 1309 1809
1027 1187 967 1187 967 1150
1576 1332 1670 1332 1670 1281
1517 394 1563 394 1563 402 1564 402
1190 215 1183 215 1183 174 1166 174
633 1003 736 1003 736 1013
1873 1421 1861 1421 1861 1438 1827 1438 1827 1490
226 356 132 356 132 302
457 608 383 608 383 480 351 480
668 1148 689 1148 689 1205 695 1205 695 1215
1287 352 1262 352 1262 278 1259 278 1259 272
1998 1551 1995 1551 1995 1631 1915 1631
223 1243 222 1243 222 1260 221 1260 221 1354
1848 2026 1846 2026 1846 2045 1736 2045
549 1491 586 1491 586 1483 610 1483 610 1476
1963 1366 1944 1366 1944 1376 1909 1376 1909 1385
63 287 66 287 66 350
1169 1073 1169 964 1144 964 1144 949 1130 949
94 851 93 851 93 870 90 870 90 956
1525 1154 1525 1070 1447 1070 1447 1027 1400 1027
1921 615 1922 615 1922 522 1928 522
871 149 892 149 892 102
1609 310 1569 310 1569 203
493 309 478 309 478 379 432 379 432 434
1153 476 1154 476 1154 447 1183 447
1005 1412 1005 1339 921 1339 921 1317
1339 1136 1339 1096 1418 1096 1418 1042 1446 1042
1062 835 1062 859 1157 859 1157 946
1434 1140 1420 1140 1420 1196 1414 1196
358 1351 359 1351 359 1261 395 1261
1239 1907 1228 1907 1228 2002
186 750 100 750 100 687
105 123 105 114 153 114 153 62 163 62
1947 633 1954 633 1954 709 1971 709
1278 80 1318 80 1318 204
222 855 222 853 229 853 229 851 237 851
1854 502 1854 510 1934 510 1934 581
1322 496 1250 496 1250 435 1226 435 1226 370
1713 684 1744 684 1744 704 1768 704 1768 777
1512 282 1487 282 1487 320 1462 320 1462 365
575 454 612 454 612 389 644 389
1294 753 1281 753 1281 725
126 1747 126 1757 202 1757 202 1837 227 1837
1574 1900 1574 1905 1560 1905 1560 1912 1535 1912
1345 32 1354 32 1354 94 1381 94
314 302 271 302 271 266 213 266 213 265
2031 1049 1933 1049 1933 1053
1217 810 1176 810 1176 853 1105 853
431 30 373 30 373 139 355 139
785 299 785 317 782 317 782 330 781 330
391 421 391 451 497 451 497 532
1380 223 1259 223 1259 244
2026 489 2026 504 1950 504 1950 608 1927 608
792 676 792 633 697 633 697 622 678 622
415 1678 360 1678 360 1655
1374 1961 1444 1961 1444 1900 1479 1900
391 206 351 206 351 250 274 250
192 435 147 435 147 412 122 412 122 351
409 1145 399 1145 399 1131 350 1131 350 1099
823 914 798 914 798 800 748 800
1908 1549 1867 1549 1867 1539 1851 1539
1299 1812 1299 1802 1311 1802 1311 1792 1358 1792
1944 303 1930 303 1930 262 1824 262 1824 244
1129 1803 1129 1775 1097 1775 1097 1759 1026 1759
867 1581 875 1581 875 1658 886 1658
1305 117 1305 125 1311 125 1311 173
165 1039 217 1039 217 1080 288 1080
691 115 699 115 699 138 768 138
366 216 403 216 403 249
892 262 907 262 907 214 978 214 978 146
699 1564 699 1534 658 1534 658 1439 642 1439
977 1527 993 1527 993 1617
556 1834 556 1786 634 1786 634 1746 674 1746
876 1241 876 1243 936 1243 936 1311 967 1311
735 1165 735 1102 762 1102 762 1082 830 1082
1451 958 1494 958 1494 851 1563 851
1424 164 1424 194 1541 194 1541 197
313 166 224 166 224 111
1853 550 1798 550 1798 580 1786 580 1786 624
861 1159 861 1150 985 1150 985 1149
1415 230 1465 230 1465 197 1529 197 1529 161
1639 1368 1639 1383 1675 1383 1675 1446
1887 1916 1792 1916 1792 1804 1762 1804
1560 1677 1560 1568 1598 1568 1598 1565
595 1326 622 1326 622 1376
322 829 255 829 255 745 240 745 240 728
1827 576 1941 576
513 2021 513 1966 489 1966
1822 1932 1783 1932 1783 1998 1736 1998 1736 2031
984 1542 947 1542 947 1520
2047 1322 2046 1322 2046 1269 2045 1269 2045 1237
85 504 96 504 96 416 146 416
1916 118 1920 118 1920 65
1664 455 1665 455 1665 580 1710 580
1651 409 1651 441 1612 441 1612 495
431 1957 451 1957 451 1958 463 1958 463 1959
1566 1123 1483 1123 1483 1094 1454 1094
1832 220 1832 254 1882 254 1882 261 1930 261
764 1712 820 1712 820 1783 835 1783
1934 299 2020 299 2020 281
1173 202 1174 202 1174 244 1182 244 1182 253
631 1435 618 1435 618 1466 576 1466
135 1210 112 1210 112 1171
1179 1317 1284 1317 1284 1241 1292 1241
636 1644 637 1644 637 1580 673 1580
1834 293 1818 293 1818 376
1198 1512 1215 1512 1215 1541 1280 1541
504 1253 599 1253 599 1233
1472 1145 1411 1145 1411 1097 1375 1097 1375 1049
1857 820 1955 820 1955 733 1962 733
1246 1280 1259 1280 1259 1226 1297 1226
1236 748 1243 748 1243 864
83 1968 83 2009 121 2009 121 2022
1836 131 1882 131 1882 192 1891 192 1891 237
516 1166 524 1166 524 1236
1181 562 1181 517 1143 517
889 404 849 404 849 334 806 334
949 787 1051 787 1051 803
173 1459 173 1520 166 1520 166 1564
50 948 51 948 51 985 89 985
1623 1051 1623 1117 1659 1117 1659 1165 1734 1165
1973 1800 1894 1800 1894 1869 1860 1869 1860 1890
116 1001 129 1001 129 1028 171 1028
1546 1499 1546 1442 1640 1442 1640 1406
1816 94 1789 94 1789 61 1780 61
1026 1879 978 1879 978 1935
1607 427 1607 419 1555 419 1555 377 1520 377
178 96 195 96 195 81
1387 1099 1387 1167 1402 1167 1402 1184 1413 1184
396 1040 402 1040 402 1002
1763 1915 1843 1915 1843 1908 1878 1908 1878 1885
265 346 265 357 207 357 207 387 162 387
1873 8 1872 8 1872 133 1855 133
1994 1588 1945 1588 1945 1536 1918 1536
1362 1128 1389 1128 1389 1155 1490 1155 1490 1170
1221 218 1243 218 1243 119 1247 119
299 182 300 182 300 232 349 232
1131 1915 1131 1882 1132 1882 1132 1796 1136 1796
1810 1656 1823 1656 1823 1721 1920 1721 1920 1735
1952 712 1879 712 1879 745
152 410 144 410 144 358
470 770 531 770 531 707 549 707
1144 729 1079 729 1079 684 1060 684
1501 2027 1579 2027 1579 2006 1601 2006 1601 1930
503 1097 390 1097 390 1093
1908 1250 1848 1250 1848 1262 1792 1262 1792 1285
268 264 268 262 269 262 269 232
1659 257 1659 270 1685 270 1685 300 1760 300
548 600 549 600 549 596 633 596
638 1716 638 1788 637 1788 637 1828
1198 286 1218 286 1218 318 1254 318 1254 357
815 28 840 28 840 38 867 38 867 83
1330 1703 1433 1703 1433 1701
726 75 712 75 712 92
1744 1183 1781 1183 1781 1179 1817 1179 1817 1178
1341 1210 1341 1285 1270 1285 1270 1299
590 1041 591 1041 591 1087 627 1087
242 1734 152 1734 152 1675
956 748 1013 748 1013 842
53 1975 49 1975 49 2035 47 2035
104 481 104 535 139 535 139 577 204 577
417 2022 459 2022 459 1908 462 1908
396 828 396 852 413 852 413 936
1126 1338 1133 1338 1133 1312 1221 1312 1221 1281
1197 509 1201 509 1201 490 1204 490 1204 468
814 1769 804 1769 804 1812 756 1812
1389 659 1345 659 1345 658 1303 658
866 382 866 353 940 353 940 324
698 893 702 893 702 874
927 138 897 138 897 173
761 452 782 452 782 426
1498 1242 1463 1242 1463 1271 1421 1271
1873 1183 1851 1183 1851 1075 1755 1075 1755 1062
1588 1549 1588 1556 1578 1556 1578 1567 1564 1567
1537 268 1419 268 1419 331 1417 331
547 1412 525 1412 525 1304 522 1304
767 960 782 960 782 843 797 843
510 1515 619 1515 619 1436 631 1436 631 1435
1814 1760 1815 1760 1815 1867 1868 1867
593 2015 678 2015 678 1948 699 1948
887 1148 914 1148 914 1129
114 1025 45 1025 45 1027
1161 93 1142 93 1142 17 1139 17
254 852 254 830 208 830 208 736 191 736
821 1834 898 1834 898 1837
1897 439 1957 439 1957 496 1977 496 1977 498
616 1164 604 1164 604 1241 603 1241
1047 1256 1047 1266 956 1266 956 1279
160 1234 125 1234 125 1296 70 1296
1285 886 1294 886 1294 824
722 1715 722 1710 688 1710 688 1623 678 1623
1836 1708 1934 1708 1934 1709 1939 1709
1364 1463 1364 1467 1409 1467 1409 1556 1436 1556
1345 1570 1264 1570 1264 1639 1259 1639
1470 1772 1470 1698 1500 1698 1500 1691 1596 1691
1408 1477 1408 1583 1445 1583 1445 1585 1501 1585
275 650 275 595 354 595 354 540
1871 228 1880 228 1880 112 1959 112
1884 1194 1884 1228 1911 1228 1911 1321
349 1428 349 1402 341 1402 341 1396 334 1396
1051 72 1051 89 967 89 967 167
670 1817 670 1788 707 1788 707 1747 712 1747
1621 1131 1622 1131 1622 1124 1627 1124
897 351 840 351 840 410 836 410
1755 808 1734 808 1734 806 1726 806 1726 786
26 1924 27 1924 27 1982 48 1982
1755 1611 1650 1611 1650 1556 1647 1556 1647 1538
1293 1146 1293 1150 1327 1150 1327 1157 1419 1157
1702 385 1744 385 1744 393 1751 393 1751 407
1102 483 1130 483 1130 521
2041 1734 2024 1734 2024 1853
209 817 217 817 217 934
43 405 29 405 29 291
269 1564 257 1564 257 1526 163 1526
393 1417 367 1417 367 1401 280 1401 280 1395
1752 1401 1730 1401 1730 1382 1663 1382
1560 1406 1560 1408 1593 1408 1593 1506
1096 950 1088 950 1088 1045 1033 1045
2019 246 2019 247 1958 247 1958 271
836 903 847 903 847 886 863 886 863 814
412 487 412 452 389 452 389 377 347 377
696 1936 666 1936 666 1876 591 1876
207 335 219 335 219 372 221 372 221 407
1431 1920 1416 1920 1416 1927
987 1833 987 1835 930 1835 930 1860 862 1860
1564 383 1564 393 1461 393 1461 413
258 159 280 159 280 111 311 111
650 1199 650 1260 774 1260 774 1287
239 728 239 733 187 733 187 807 158 807
1948 1713 1948 1761 1974 1761 1974 1801 1984 1801
1751 1007 1751 887 1793 887 1793 881 1796 881
1370 1746 1424 1746 1424 1764
928 151 942 151 942 25 988 25
683 1186 683 1149 614 1149 614 1094 555 1094
1273 714 1202 714 1202 753 1158 753
761 706 761 797 860 797 860 825
367 1646 367 1667 439 1667 439 1672
7 1124 8 1124 8 1086 33 1086
1067 954 1067 946 1065 946 1065 863 1034 863
854 1056 881 1056 881 1073
1507 1798 1462 1798 1462 1799 1429 1799 1429 1803
5 1782 5 1789 16 1789 16 1806 34 1806
1322 857 1318 857 1318 964
1579 1763 1595 1763 1595 1808
71 13 83 13 83 31
859 1201 891 1201 891 1242
855 906 855 936 898 936 898 951
679 1711 679 1646 556 1646 556 1633
26 711 26 646 19 646 19 617 4 617
838 535 838 482 790 482 790 420
1272 723 1221 723 1221 806 1203 806
594 1165 556 1165 556 1193 537 1193 537 1196
329 1632 329 1697 244 1697 244 1748 217 1748
1793 266 1793 267 1890 267 1890 382
368 744 420 744 420 734
1954 751 1870 751 1870 698 1830 698
493 971 454 971 454 851 404 851
1721 309 1816 309 1816 303
544 1614 544 1647 605 1647 605 1730 616 1730
606 876 674 876 674 791 713 791 713 789
1009 1006 1003 1006 1003 1088 985 1088
1330 1181 1282 1181 1282 1148 1241 1148 1241 1122
82 149 59 149 59 144 45 144 45 93
628 580 628 568 618 568 618 558 574 558
1468 398 1536 398 1536 483 1549 483
34 1639 34 1580 4 1580 4 1572 1 1572
1645 1000 1549 1000 1549 887 1544 887 1544 880
540 1170 540 1185 574 1185 574 1211 634 1211
514 1798 514 1810 460 1810 460 1828 453 1828
434 241 434 246 449 246 449 281 477 281
2009 1144 1979 1144 1979 1069
1281 1153 1281 1174 1253 1174 1253 1279 1230 1279
358 105 358 133 330 133 330 223 329 223
1455 957 1398 957 1398 1047 1360 1047 1360 1069
396 683 396 705 321 705 321 718
885 371 885 379 914 379 914 423
886 778 776 778 776 709
1739 209 1790 209 1790 274
964 1770 964 1837 1045 1837 1045 1894
1287 1376 1287 1408 1368 1408 1368 1466
779 2025 726 2025 726 1918
1002 866 1038 866 1038 886 1045 886 1045 923
1928 652 1928 704 1942 704 1942 719 1960 719
1200 1386 1200 1441 1199 1441 1199 1485 1193 1485
1397 473 1368 473 1368 535 1367 535
1436 1368 1429 1368 1429 1348 1428 1348
649 2001 677 2001 677 1960
1308 626 1372 626 1372 566 1379 566
1100 970 1028 970 1028 1002 978 1002 978 1069
2015 65 2015 163 1981 163 1981 169
389 362 391 362 391 318 442 318 442 277
1595 541 1595 536 1559 536 1559 433 1550 433
1830 1649 1830 1679 1880 1679 1880 1709 1923 1709
965 1631 946 1631 946 1663 840 1663
844 1383 844 1348 824 1348 824 1301
1180 1030 1161 1030 1161 925 1128 925 1128 907
247 1728 266 1728 266 1749 300 1749 300 1780
1566 563 1566 564 1493 564 1493 594
1152 3 1035 3 1035 19
1057 1221 1057 1269 1153 1269 1153 1291
152 1966 148 1966 148 2030 61 2030
125 1120 125 1056 0 1056 0 1005
786 1021 825 1021 825 950 897 950
431 569 448 569 448 603
859 1535 859 1500 969 1500 969 1499
1869 718 1869 699 1774 699 1774 664
751 140 751 162 778 162 778 222 825 222
1776 1595 1776 1613 1686 1613 1686 1657
8 600 9 600 9 502 59 502
1953 1539 1953 1513 1830 1513 1830 1454 1826 1454
1055 985 1055 1032 1126 1032 1126 1084
722 1224 719 1224 719 1248
842 1428 842 1434 790 1434 790 1518 767 1518
255 1558 255 1565 350 1565 350 1612 355 1612
1594 363 1538 363 1538 256 1474 256 1474 249
1052 1790 1052 1798 949 1798 949 1807 946 1807
750 164 734 164 734 37 719 37
891 1540 939 1540 939 1663
595 484 595 475 718 475 718 407
1779 822 1779 839 1786 839 1786 853 1806 853
1958 1777 1959 1777 1959 1866 1978 1866
1021 1644 1021 1700 1047 1700 1047 1729 1057 1729
1302 19 1309 19 1309 55 1422 55 1422 61
1214 960 1133 960 1133 978
1431 584 1431 570 1420 570 1420 463 1408 463
1532 1327 1532 1310 1474 1310 1474 1233 1441 1233
2037 1577 2033 1577 2033 1690 1977 1690
2009 1862 2009 1956 2031 1956 2031 1960 2035 1960
1289 492 1289 491 1275 491 1275 432 1253 432
407 882 386 882 386 846
1172 846 1175 846 1175 808 1292 808 1292 776
761 595 732 595 732 713 708 713
641 1371 641 1305 537 1305 537 1291
1662 337 1662 339 1789 339 1789 346
869 1333 869 1349 986 1349 986 1374
5 1715 5 1735 13 1735 13 1792 25 1792
709 1970 709 1937 665 1937 665 1884
422 1443 422 1345 480 1345 480 1329 521 1329
1404 1223 1388 1223 1388 1251 1370 1251
1382 436 1365 436 1365 489
94 1877 89 1877 89 1849
1255 776 1255 745 1166 745 1166 733
1569 1342 1570 1342 1570 1216 1586 1216
1401 650 1436 650 1436 682 1439 682
1648 1354 1648 1270 1533 1270 1533 1247
694 337 695 337 695 268 758 268
620 170 614 170 614 201 613 201 613 221
1060 1378 1015 1378 1015 1455
1187 708 1201 708 1201 777 1220 777 1220 799
777 916 678 916 678 995 650 995
854 1361 854 1384 743 1384 743 1452
1572 397 1584 397 1584 413
1280 650 1263 650 1263 615 1209 615 1209 524
698 1559 682 1559 682 1573 641 1573
275 941 276 941 276 956 388 956 388 1036
1806 587 1806 666 1798 666 1798 676 1786 676
1088 1468 1088 1443 1094 1443 1094 1375 1101 1375
1288 1878 1251 1878 1251 1836
1466 146 1440 146 1440 20 1342 20
922 1785 922 1808 1048 1808 1048 1834
1947 1174 1954 1174 1954 1215 1962 1215 1962 1290
1998 752 1986 752 1986 647 1957 647
1086 827 1086 854 1105 854 1105 899 1128 899
543 1543 543 1544 595 1544 595 1557
1347 2033 1347 2009 1394 2009 1394 1994 1409 1994
657 1456 629 1456 629 1467 615 1467 615 1501
2020 1983 2001 1983 2001 1881 1998 1881
269 1848 274 1848 274 1929
855 206 891 206 891 213 911 213
896 1816 855 1816 855 1887 776 1887 776 1922
658 1098 658 1160 596 1160 596 1200 588 1200
980 1292 981 1292 981 1229 1037 1229
1716 103 1716 106 1609 106 1609 119
578 484 578 456 681 456 681 390
742 1552 700 1552 700 1574 626 1574
961 915 1027 915 1027 1001
1560 1767 1526 1767 1526 1787
391 763 421 763 421 716 481 716
130 728 189 728 189 823
1970 984 1970 986 1931 986 1931 999 1923 999
1044 1539 1025 1539 1025 1547 1007 1547
1083 161 1150 161 1150 180 1166 180
1424 451 1411 451 1411 402
566 233 515 233 515 189 458 189
315 744 315 739 245 739 245 636
1939 1 1915 1 1915 63
1795 1936 1766 1936 1766 1991 1699 1991
840 1693 724 1693 724 1772 713 1772
1122 645 1122 657 1167 657 1167 743 1201 743
701 43 659 43 659 95 657 95 657 123
307 1410 331 1410 331 1475 366 1475
1555 1223 1556 1223 1556 1301
111 1225 111 1169 58 1169 58 1103
1387 792 1406 792 1406 881 1413 881
787 1146 757 1146 757 1051
1957 729 1956 729 1956 855 1934 855
216 1551 147 1551 147 1535 94 1535 94 1490
920 861 952 861 952 797 1000 797
1786 1409 1786 1385 1823 1385 1823 1362
1154 1609 1154 1649 1193 1649 1193 1650
1355 1924 1290 1924 1290 1841 1254 1841 1254 1810
21 995 29 995 29 1061 83 1061 83 1121
1448 1825 1437 1825 1437 1698 1346 1698
1619 821 1567 821 1567 855 1545 855 1545 886
228 289 228 275 143 275 143 187 142 187
1502 206 1502 198 1549 198 1549 186 1601 186
576 609 559 609 559 629 518 629 518 668
1385 1428 1403 1428 1403 1384 1428 1384 1428 1349
1035 440 992 440 992 501 991 501 991 516
1990 1709 1989 1709 1989 1691 1912 1691 1912 1658
897 756 801 756 801 690 783 690
1090 1020 1089 1020 1089 1056 1024 1056
666 1390 676 1390 676 1267
1353 1800 1354 1800 1354 1917 1380 1917
502 979 453 979 453 946
1665 1515 1696 1515 1696 1454 1788 1454 1788 1390
1088 865 1088 860 1018 860 1018 842
482 258 482 277 495 277 495 355 533 355
764 1087 764 1078 789 1078 789 1059 883 1059
171 49 233 49 233 111
140 931 189 931 189 919 256 919 256 839
137 1756 137 1635
1809 388 1817 388 1817 286 1852 286
1003 1488 1003 1499 1007 1499 1007 1521 1023 1521
214 1971 214 1957 134 1957 134 1942 126 1942
1791 639 1793 639 1793 609
539 54 475 54 475 42
617 162 601 162 601 272 574 272 574 285
99 1080 106 1080 106 1073 113 1073 113 1072
561 399 561 476 647 476 647 477
1695 685 1695 641 1784 641 1784 557
1405 555 1344 555 1344 505 1302 505 1302 501
1531 957 1527 957 1527 956 1509 956
1336 1343 1336 1348 1244 1348 1244 1381
1119 411 1119 421 1132 421 1132 495
122 283 122 302 120 302 120 343
1056 1609 1056 1522 975 1522 975 1493 955 1493
1824 1247 1842 1247 1842 1248 1845 1248 1845 1260
1434 948 1396 948 1396 1004 1385 1004
516 1653 516 1629 525 1629 525 1547 582 1547
940 83 868 83 868 124 863 124
76 644 101 644 101 706 193 706
330 1516 330 1474 320 1474 320 1419 290 1419
1480 131 1480 155 1452 155 1452 165 1449 165
1427 476 1476 476 1476 444 1490 444 1490 432
155 302 178 302 178 329
1149 679 1075 679 1075 763
682 1661 682 1767
31 205 36 205 36 332
1198 821 1310 821 1310 835
1391 2 1475 2 1475 16
810 1444 810 1411 723 1411 723 1398
676 976 677 976 677 914 781 914
1435 776 1435 785 1322 785 1322 808
1191 20 1136 20 1136 110 1135 110
1690 1198 1690 1166 1582 1166 1582 1091
813 682 814 682 814 796 853 796
1918 169 1923 169 1923 119 1985 119 1985 100
610 662 610 631 606 631 606 628 572 628
1825 1343 1825 1371 1892 1371 1892 1396 1930 1396
1307 1311 1307 1321 1366 1321 1366 1368
107 821 108 821 108 824 109 824 109 826
1636 700 1636 635 1519 635 1519 631
574 360 574 366 562 366 562 385 544 385
979 1910 1001 1910 1001 1907
1527 1504 1556 1504 1556 1613 1558 1613
735 1758 735 1789 693 1789 693 1808
1172 1740 1186 1740 1186 1799 1239 1799 1239 1846
17 1899 53 1899 53 1944 101 1944
1962 1078 1962 1054 1896 1054 1896 969
1076 343 950 343 950 335
417 450 525 450 525 456 528 456 528 457
1433 1023 1336 1023 1336 1075
159 901 159 914 148 914 148 927 85 927
1307 1834 1294 1834 1294 1899 1254 1899 1254 1913
1367 1320 1325 1320 1325 1216 1310 1216
511 1139 525 1139 525 1212 590 1212 590 1235
1326 1213 1282 1213 1282 1284 1248 1284
507 1840 533 1840 533 1783 584 1783 584 1717
184 993 114 993 114 961
1879 1858 1840 1858 1840 1797 1837 1797 1837 1774
992 79 991 79 991 6 868 6
172 803 110 803 110 861 73 861
78 960 65 960 65 967
1722 832 1697 832 1697 841 1624 841 1624 914
9 1625 9 1594 38 1594 38 1574 61 1574
484 1666 484 1680 455 1680 455 1697 426 1697
320 27 336 27 336 12
1452 348 1453 348 1453 327 1529 327
520 1300 525 1300 525 1224 573 1224 573 1190
1568 559 1568 542 1518 542 1518 500
1041 1836 1041 1893 1075 1893 1075 1900 1077 1900
528 2006 468 2006 468 1988
771 699 771 685 790 685 790 633
507 864 508 864 508 900 592 900
245 1806 254 1806 254 1718 296 1718 296 1694
412 1457 513 1457 513 1447 539 1447
1444 1352 1451 1352 1451 1312 1452 1312 1452 1299
1395 1055 1402 1055 1402 1031
2017 1503 2022 1503 2022 1497
225 681 128 681 128 696
1713 290 1716 290 1716 163
1356 2014 1379 2014 1379 2035
1093 1921 1165 1921 1165 1919
747 1666 790 1666 790 1750 801 1750
1936 1157 1967 1157 1967 1221 1970 1221
1877 697 1877 719 1851 719 1851 765
491 1649 468 1649 468 1567 455 1567 455 1527
1368 707 1368 668 1394 668 1394 623 1415 623
1909 833 1909 832 1828 832 1828 831 1787 831
1700 180 1650 180 1650 198 1578 198
186 1449 205 1449 205 1445
86 1480 89 1480 89 1426 177 1426
423 506 404 506 404 453 388 453 388 413
1824 265 1824 240 1823 240 1823 231 1813 231
50 424 50 408 18 408 18 398
1615 38 1616 38 1616 93 1664 93
1752 1283 1753 1283 1753 1293 1803 1293
1493 724 1377 724 1377 723 1374 723 1374 704
1383 306 1333 306 1333 334 1273 334 1273 374
1989 1202 1959 1202 1959 1209
1239 948 1213 948 1213 888 1111 888
1611 585 1688 585 1688 659
44 173 44 205 72 205 72 207 93 207
458 1949 447 1949 447 1933 439 1933
1761 1147 1761 1165 1750 1165 1750 1176 1716 1176
430 1281 427 1281 427 1227 425 1227 425 1217
902 1109 915 1109 915 1208 942 1208
87 1490 122 1490 122 1534
1059 1657 1059 1562 1087 1562 1087 1532
45 338 10 338 10 342
508 276 507 276 507 235 493 235 493 173
1377 1272 1378 1272 1378 1153 1387 1153
308 1951 323 1951 323 1832 369 1832
744 516 722 516 722 596
433 1146 429 1146 429 1074
1804 530 1819 530 1819 583 1833 583
414 1078 423 1078 423 980 522 980 522 958
1662 262 1664 262 1664 329 1676 329
1901 1061 1901 1068 1927 1068 1927 1172 1965 1172
1345 719 1337 719 1337 665
956 1192 956 1209 903 1209 903 1253
995 1987 995 1989 992 1989 992 2028 963 2028
827 1738 832 1738 832 1658
1226 58 1182 58 1182 56 1135 56 1135 46
861 1347 836 1347 836 1340
1073 425 1073 348 1063 348 1063 307 1054 307
1004 332 1024 332 1024 361 1055 361 1055 441
654 1643 654 1671 737 1671 737 1691 759 1691
1561 1542 1480 1542 1480 1514 1475 1514
1801 1195 1804 1195 1804 1315 1840 1315
870 1257 870 1218 826 1218
1962 1596 2032 1596 2032 1655
655 41 655 125 666 125 666 152 723 152
33 1367 53 1367 53 1371
443 635 400 635 400 666
619 75 585 75 585 22 521 22
414 363 414 292 424 292 424 259 430 259
1587 1441 1507 1441 1507 1444
1229 701 1272 701 1272 640 1298 640 1298 621
1440 496 1440 511 1472 511 1472 604 1487 604
1499 1169 1499 1071 1382 1071 1382 1068
651 1810 617 1810 617 1835
1443 1526 1424 1526 1424 1489
1612 137 1612 187 1661 187 1661 251
222 1162 204 1162 204 1075 190 1075
914 1763 892 1763 892 1788 890 1788
501 1364 501 1428 547 1428 547 1459 617 1459
1940 1789 1991 1789 1991 1781
1181 1675 1154 1675 1154 1755 1121 1755
1770 408 1770 428 1821 428 1821 465 1850 465
967 904 1028 904 1028 955 1079 955 1079 1030
1203 1568 1216 1568 1216 1542 1295 1542 1295 1521
1647 253 1614 253 1614 314 1541 314
408 1338 408 1301 528 1301 528 1280
669 1216 721 1216 721 1185
1075 1938 980 1938 980 1926
1200 321 1164 321 1164 363 1090 363 1090 415
353 694 348 694 348 671 315 671 315 660
540 245 540 251 431 251 431 265 425 265
73 518 100 518 100 583 120 583
1517 1851 1603 1851 1603 1857
883 292 883 235 850 235
765 804 651 804 651 815 644 815
1965 1386 1950 1386 1950 1500 1897 1500
308 391 241 391 241 364
1108 739 1109 739 1109 858 1151 858
130 0 9 0 9 77
944 1581 944 1481 829 1481 829 1458
1833 833 1833 792 1891 792 1891 744 1936 744
417 1626 400 1626 400 1732
1705 547 1707 547 1707 503 1739 503 1739 472
470 1664 437 1664 437 1669 373 1669 373 1751
1843 1893 1893 1893 1893 1969 1953 1969
951 1021 951 1091 865 1091 865 1148 849 1148
844 522 844 505 904 505 904 481 936 481
275 715 275 660 267 660 267 622 263 622
1689 185 1691 185 1691 270 1722 270
1023 1870 1006 1870 1006 1937
1308 1080 1309 1080 1309 1077 1371 1077 1371 1062
325 1269 273 1269 273 1334 267 1334
1690 747 1679 747 1679 749
564 1089 549 1089 549 995
1400 199 1391 199 1391 185 1380 185 1380 160
618 551 548 551 548 558
1008 187 1008 185 915 185 915 182 892 182
1255 1840 1274 1840 1274 1750 1277 1750
1348 690 1323 690 1323 627 1315 627
1761 1631 1688 1631 1688 1684 1664 1684
1199 1540 1153 1540 1153 1482 1108 1482
1745 71 1745 84 1788 84 1788 176 1824 176
1724 1267 1724 1199 1651 1199 1651 1145 1613 1145
1061 1256 1061 1268 1155 1268 1155 1285
467 655 468 655 468 578 499 578
1068 347 1114 347 1114 319
752 1601 752 1641 862 1641 862 1655 874 1655
1765 1946 1765 1964 1670 1964 1670 1992 1641 1992
1734 1439 1768 1439 1768 1401 1783 1401 1783 1389
449 1507 483 1507 483 1527 541 1527
2023 218 2028 218 2028 195
754 1182 754 1191 744 1191 744 1204 740 1204
1447 998 1447 992 1417 992 1417 884 1415 884
1753 429 1753 389 1819 389 1819 350 1877 350
36 1747 89 1747 89 1847
1655 1866 1655 1790 1596 1790 1596 1747 1562 1747
1489 1342 1503 1342 1503 1384 1563 1384 1563 1406
1336 2025 1336 2010 1446 2010 1446 2006
1716 1845 1656 1845 1656 1867 1639 1867 1639 1904
541 1352 611 1352 611 1398 648 1398 648 1438
1215 1044 1215 1045 1209 1045 1209 1121 1204 1121
399 650 312 650 312 715
1016 1919 1018 1919 1018 1922 1080 1922 1080 2005
1982 738 1982 715 1953 715 1953 681 1951 681
1610 343 1695 343 1695 397 1705 397
1935 461 1950 461 1950 436 2039 436
540 1549 506 1549 506 1555
371 72 274 72 274 158 257 158
395 138 395 56
985 759 904 759 904 720
462 1293 389 1293 389 1342
1138 1530 1138 1499 1111 1499 1111 1448
197 336 121 336 121 350 98 350
1643 980 1690 980 1690 1019
1898 101 1994 101 1994 229
331 1282 455 1282 455 1269
1638 1604 1638 1591 1635 1591 1635 1506 1632 1506
1130 1497 1152 1497 1152 1545 1209 1545
5 697 6 697 6 620 18 620
1609 1662 1609 1693 1554 1693 1554 1754
272 66 206 66 206 99 170 99
1214 1539 1169 1539 1169 1483
506 1265 583 1265 583 1232
1987 657 2045 657 2045 569
1851 1876 1790 1876 1790 1934
187 1193 193 1193 193 1253 211 1253
1161 1926 1191 1926 1191 1928 1243 1928 1243 1932
21 1103 21 1170 128 1170 128 1185
227 683 204 683 204 676 150 676 150 659
417 2015 467 2015 467 1917 490 1917
1949 586 1945 586 1945 703 1937 703
503 1327 503 1302 529 1302 529 1277 612 1277
446 1947 413 1947 413 1953 388 1953 388 1959
83 1407 51 1407 51 1427
556 1044 557 1044 557 1033 678 1033
275 594 294 594 294 495 379 495
1464 1740 1464 1794 1465 1794 1465 1817 1473 1817
35 1445 24 1445 24 1393
611 1418 632 1418 632 1448 673 1448
1196 1466 1196 1380 1127 1380 1127 1354
1188 1750 1189 1750 1189 1798 1225 1798
1518 1905 1518 1906 1445 1906 1445 1950 1392 1950
1108 2017 1076 2017 1076 1924 1025 1924 1025 1923
1688 65 1717 65 1717 103 1753 103
315 784 364 784 364 792
192 1244 126 1244 126 1281 84 1281
1869 1457 1884 1457 1884 1496 1997 1496
497 335 497 278 509 278 509 213 514 213
845 289 802 289 802 363 784 363
1792 970 1793 970 1793 990 1892 990
1815 1517 1828 1517 1828 1645 1832 1645
1181 168 1181 146 1137 146 1137 64
1999 1188 2033 1188 2033 1142
453 544 505 544 505 580
275 943 275 908 288 908 288 840 292 840
445 175 450 175 450 177 454 177 454 180
1468 136 1468 148 1401 148 1401 205 1362 205
1144 1576 1144 1662 1182 1662 1182 1697 1201 1697
1955 617 1956 617 1956 684 1960 684
1079 1579 1079 1564 1081 1564 1081 1510 1150 1510
899 983 1013 983 1013 956
1315 285 1256 285 1256 404 1211 404
1362 1820 1362 1839 1406 1839 1406 1892
1084 281 969 281 969 276
1453 1476 1453 1445 1492 1445 1492 1392 1514 1392
1912 348 1835 348 1835 291 1807 291
28 1802 66 1802 66 1907 96 1907
1339 797 1339 811 1217 811 1217 855
1687 1630 1689 1630 1689 1725 1744 1725
237 1604 238 1604 238 1695 275 1695
1791 1864 1667 1864 1667 1851
347 1113 347 1130 342 1130 342 1150 331 1150
282 431 239 431 239 413 164 413 164 384
1196 791 1171 791 1171 812
200 1854 200 1758 119 1758 119 1749
1294 336 1274 336 1274 412 1249 412
1973 667 1973 668 1974 668 1974 693
883 720 883 719 911 719 911 659 915 659
1615 1789 1615 1743 1562 1743 1562 1697
1867 761 1945 761 1945 672 1952 672 1952 639
1696 1732 1696 1728 1673 1728 1673 1722 1658 1722
455 1586 365 1586 365 1589
2022 506 1956 506 1956 529
64 537 64 550 153 550 153 563 189 563
1559 605 1575 605 1575 634
1166 1979 1166 1956 1084 1956 1084 1935
118 556 121 556 121 679 183 679
1624 1035 1605 1035 1605 1115
1717 371 1717 398 1652 398 1652 474 1624 474
1683 323 1683 358 1650 358 1650 440 1644 440
95 1542 208 1542 208 1532 218 1532 218 1489
1151 973 1170 973 1170 979 1254 979 1254 1036
1153 1682 1153 1709 1116 1709 1116 1740 1043 1740
1438 1853 1433 1853 1433 1739 1432 1739
976 1900 976 1895 1090 1895 1090 1786
535 1916 506 1916 506 1866 457 1866 457 1808
788 1491 788 1454 745 1454 745 1417 713 1417
1625 1917 1626 1917 1626 1834 1677 1834
1650 1961 1655 1961 1655 1965 1765 1965 1765 1991
272 58 207 58 207 155 186 155
1860 1410 1861 1410 1861 1390 1891 1390
37 579 37 505 97 505 97 465 165 465
755 813 755 854 681 854 681 879
856 105 759 105 759 19 735 19
1334 51 1310 51 1310 16 1303 16
1341 22 1275 22 1275 127 1258 127
478 1199 478 1152 362 1152 362 1087
339 1176 384 1176 384 1196 392 1196 392 1209
469 540 469 529 388 529 388 526 365 526
516 1274 516 1305 523 1305 523 1336
1201 1828 1220 1828 1220 1925 1304 1925 1304 1955
1766 848 1766 859 1843 859 1843 908
883 1024 922 1024 922 1087 1002 1087
796 1433 797 1433 797 1358 816 1358
926 1532 860 1532 860 1520
973 476 973 552 933 552 933 599 920 599
1599 1161 1599 1164 1699 1164 1699 1190 1720 1190
1618 37 1669 37 1669 35
1292 1644 1284 1644 1284 1699
786 499 719 499 719 398 697 398
1853 1004 1853 992 1894 992 1894 938 1961 938
1403 1584 1403 1628 1407 1628 1407 1689 1436 1689
1484 1051 1487 1051 1487 1003
3 1787 3 1738 17 1738 17 1676 35 1676
1547 1688 1461 1688 1461 1629
2024 667 2024 602 1952 602 1952 580
1218 147 1208 147 1208 65 1144 65 1144 58
493 65 486 65 486 7
512 1982 413 1982 413 1993
598 1772 598 1708 595 1708 595 1682 588 1682
1940 274 1991 274 1991 214 2039 214 2039 182
1368 716 1368 749 1427 749 1427 837
932 1780 853 1780 853 1886 816 1886
911 292 884 292 884 209 854 209
1821 1598 1825 1598 1825 1680 1879 1680 1879 1692
820 1633 820 1584 865 1584 865 1536 907 1536
936 454 936 419 940 419 940 362 953 362
295 1588 227 1588 227 1715 190 1715
2020 914 2020 956 2027 956 2027 996 2029 996
888 553 877 553 877 507
1880 1446 1849 1446 1849 1545 1830 1545
754 161 754 115 654 115 654 69 635 69
310 1626 326 1626 326 1624 367 1624 367 1623
1821 928 1853 928 1853 946 1909 946 1909 973
128 1178 113 1178 113 1226 75 1226 75 1288
940 1590 940 1594 922 1594 922 1643 915 1643
1183 1379 1183 1339 1107 1339 1107 1272
1405 1951 1388 1951 1388 1958
239 1114 153 1114 153 1135 119 1135
448 1536 433 1536 433 1553 409 1553
461 1808 462 1808 462 1778 509 1778
349 44 278 44 278 46
468 1566 492 1566 492 1668 581 1668
586 966 533 966 533 853
1212 890 1177 890 1177 905
510 237 615 237 615 189 629 189
1414 1236 1462 1236 1462 1252
1387 1796 1359 1796 1359 1733 1320 1733
824 1779 841 1779 841 1674 891 1674
1156 987 1129 987 1129 894
901 423 901 424 1028 424 1028 433
1247 588 1250 588 1250 499 1367 499 1367 481
323 775 241 775 241 770 234 770 234 754
1549 1749 1549 1755 1567 1755 1567 1784
2015 166 2015 170 1942 170 1942 214
1235 1233 1241 1233 1241 1172 1253 1172 1253 1117
904 1681 905 1681 905 1569 942 1569
1555 760 1555 844 1479 844 1479 863
239 572 228 572 228 695 163 695
2039 1723 2007 1723 2007 1615
1120 938 1122 938 1122 1028
848 705 947 705 947 711
125 1898 125 1923 205 1923 205 1924 231 1924
1027 127 1061 127 1061 134
1136 64 1032 64 1032 88
1730 1604 1715 1604 1715 1548 1704 1548 1704 1546
1682 684 1729 684 1729 670 1760 670 1760 640
1502 1361 1502 1384 1501 1384 1501 1394 1500 1394
625 608 646 608 646 701 731 701 731 709
1493 877 1457 877 1457 919 1422 919
162 1893 118 1893 118 1971 72 1971 72 2004
2032 716 2019 716 2019 719
916 301 810 301 810 262
735 1792 694 1792 694 1844 640 1844
1086 1560 1045 1560 1045 1525 1011 1525
1628 1672 1628 1587 1629 1587 1629 1550
632 1677 545 1677 545 1779
1441 156 1438 156 1438 69 1386 69
1956 1305 1914 1305 1914 1357 1889 1357 1889 1370
401 1665 418 1665 418 1604 467 1604
1158 967 1134 967 1134 1029 1091 1029
1560 15 1581 15 1581 66
367 890 274 890 274 915
1343 1480 1343 1415 1400 1415 1400 1370 1406 1370
439 1448 374 1448 374 1390 373 1390
266 1205 253 1205 253 1108 176 1108
11 1429 12 1429 12 1332 77 1332
1919 1046 2031 1046 2031 1017
737 1014 759 1014 759 1126 820 1126
1978 598 2039 598 2039 495
1161 64 1153 64 1153 1 1143 1
1742 1094 1774 1094 1774 1115 1785 1115
890 732 954 732 954 730
1219 348 1219 333 1332 333 1332 330
1961 969 1961 961 1962 961 1962 886
2041 1710 2041 1724 1992 1724 1992 1833 1965 1833
221 1674 116 1674 116 1701
1658 1113 1773 1113 1773 1145
1420 1081 1420 1105 1482 1105 1482 1143 1520 1143
52 922 21 922 21 815 1 815 1 794
93 1158 93 1121 129 1121 129 1072 216 1072
88 637 97 637 97 628 98 628 98 589
1714 1287 1714 1268 1622 1268 1622 1231
2027 1047 1965 1047 1965 1054
1173 1145 1237 1145 1237 1157 1254 1157
1440 1398 1566 1398 1566 1403
633 2007 633 1952 653 1952 653 1930
1685 768 1642 768 1642 701 1633 701 1633 666
278 548 229 548 229 514
1413 1042 1344 1042 1344 1063
1871 1234 1935 1234 1935 1245
1364 1520 1364 1554 1463 1554 1463 1571 1479 1571
1221 1600 1205 1600 1205 1657
1852 1009 1850 1009 1850 924 1839 924
1186 124 1138 124 1138 57 1088 57 1088 18
156 1418 156 1369 78 1369 78 1318 74 1318
2042 1197 2042 1246 2034 1246 2034 1248 2028 1248
1375 76 1426 76 1426 86
1501 1933 1586 1933 1586 1986 1624 1986 1624 2021
1880 461 1831 461 1831 440 1760 440 1760 421
360 322 309 322 309 392 297 392 297 421
1044 1226 1044 1258 1011 1258 1011 1291 967 1291
628 1809 628 1787 687 1787 687 1703
1765 196 1766 196 1766 143 1869 143
1373 776 1317 776 1317 864
320 1624 325 1624 325 1563 327 1563 327 1540
324 516 325 516 325 557 440 557
1072 1239 1058 1239 1058 1326 1035 1326
930 95 930 141 906 141 906 185
182 1952 182 1892 69 1892 69 1869
1366 1228 1366 1127 1386 1127 1386 1114
136 1193 136 1211 114 1211 114 1233 96 1233
591 1276 695 1276 695 1300
447 245 496 245 496 285 535 285
1994 457 2009 457 2009 465
1901 301 1852 301 1852 265 1793 265 1793 174
23 695 23 701 11 701 11 739 9 739
1781 1839 1763 1839 1763 1833 1657 1833
6 455 71 455 71 446 94 446
890 1008 890 952 968 952 968 947
869 1245 869 1263 901 1263 901 1281 925 1281
175 771 101 771 101 832 100 832 100 860
1406 1154 1408 1154 1408 1105 1409 1105
511 14 406 14 406 63 400 63
1611 1391 1696 1391 1696 1453 1700 1453
486 750 579 750 579 669 584 669 584 647
949 874 916 874 916 881 867 881 867 935
1493 1316 1504 1316 1504 1366 1583 1366 1583 1440
1822 749 1711 749 1711 686
1038 940 1101 940 1101 994 1131 994
655 529 693 529 693 488
126 190 126 217 41 217 41 283
1438 23 1424 23 1424 32 1310 32 1310 55
281 1669 281 1696 243 1696 243 1747 229 1747
738 1945 787 1945 787 2008 837 2008
284 1444 288 1444 288 1324 353 1324
1533 1069 1474 1069 1474 977
591 597 647 597 647 640 654 640
268 1390 269 1390 269 1361 371 1361
2003 434 2003 428 1925 428 1925 398 1908 398
1665 1540 1665 1529 1762 1529 1762 1491 1790 1491
1858 1127 1858 1061 1845 1061 1845 1017 1785 1017
826 899 826 834 861 834 861 806 894 806
1688 266 1593 266 1593 257
1418 312 1371 312 1371 317
661 1803 661 1837 599 1837 599 1858
1877 1074 1759 1074 1759 981
225 1599 177 1599 177 1571 146 1571 146 1540
68 1964 28 1964 28 1934
695 1855 695 1866 677 1866 677 1870 645 1870
1212 944 1212 906 1104 906 1104 860
713 1261 753 1261 753 1308
1760 1859 1760 1916 1767 1916 1767 1963 1793 1963
755 309 727 309 727 321 697 321 697 325
1364 350 1384 350 1384 351 1399 351
1810 803 1798 803 1798 756 1790 756 1790 754
331 1120 331 1035 336 1035
1670 1881 1670 1858 1731 1858 1731 1850
466 1738 352 1738 352 1641
1977 1791 1984 1791 1984 1670
1550 63 1551 63 1551 105 1673 105
321 1783 301 1783 301 1698 267 1698
127 238 117 238 117 242 108 242 108 247
556 1005 540 1005 540 1102
61 1168 84 1168 84 1063 152 1063
778 1757 755 1757 755 1864
38 568 60 568 60 506 103 506 103 505
260 1398 178 1398 178 1427 166 1427 166 1519
404 179 365 179 365 260
585 1600 585 1545 482 1545 482 1509
145 932 145 890 140 890 140 854 116 854
1612 261 1613 261 1613 139 1644 139
222 668 205 668 205 572 152 572
1210 2026 1210 2019 1237 2019 1237 1991 1308 1991
1592 581 1592 594 1495 594 1495 708 1467 708
461 698 432 698 432 634
287 738 246 738 246 616 211 616
722 798 641 798 641 820
509 1865 463 1865 463 1771
1692 337 1663 337 1663 327 1660 327
564 1 581 1 581 14
1114 481 1114 426 1069 426 1069 394 1064 394
1840 265 1840 263 1950 263 1950 139
132 474 133 474 133 534 152 534
2017 1805 2017 1834 1912 1834 1912 1910
1270 640 1270 641 1282 641 1282 729 1316 729
624 378 611 378 611 398
818 1768 818 1853 745 1853 745 1889 738 1889
1657 298 1615 298 1615 315 1604 315 1604 383
777 183 777 236 790 236 790 290 801 290
95 165 102 165 102 117
393 935 311 935 311 970
1101 237 1101 307 1180 307 1180 365
324 313 324 251 270 251 270 191 208 191
1090 546 1071 546 1071 577
1177 562 1177 563 1197 563 1197 621 1262 621
279 131 273 131 273 62 244 62
1245 138 1276 138 1276 85 1315 85
743 82 740 82 740 25 647 25
1729 1389 1702 1389 1702 1390
473 375 489 375 489 438
277 692 276 692 276 681 253 681 253 665
1056 1868 939 1868 939 1888
527 162 527 163 504 163 504 164 406 164
576 330 658 330 658 392
1116 1916 1175 1916 1175 1835 1188 1835
152 974 152 933 129 933 129 857
1768 1668 1768 1605 1683 1605 1683 1549
847 1050 921 1050 921 1090
566 372 566 386 551 386 551 469
1906 1600 1906 1632 2003 1632 2003 1658
130 1156 94 1156 94 1171 72 1171 72 1282
1983 625 1965 625 1965 503 1873 503 1873 502
1471 538 1471 537 1353 537 1353 533
1571 1119 1574 1119 1574 1124 1601 1124
1576 668 1593 668 1593 581 1614 581
1514 907 1515 907 1515 924 1642 924
1250 704 1250 705 1134 705 1134 715 1133 715
1664 0 1664 67 1659 67 1659 86 1645 86
1164 241 1164 242 1171 242 1171 265 1231 265
1818 566 1818 635 1930 635 1930 667
1910 1437 1926 1437 1926 1438 1931 1438 1931 1441
1658 967 1691 967 1691 985 1739 985 1739 994
1392 2008 1392 1973 1393 1973 1393 1934
120 869 160 869 160 901 215 901 215 911
1542 1632 1542 1625 1609 1625 1609 1614 1645 1614
837 367 759 367 759 249 744 249
638 803 638 809 606 809 606 823 563 823
1609 725 1576 725 1576 669 1512 669 1512 614
88 1454 88 1372 11 1372 11 1343
1343 1891 1346 1891 1346 1911 1443 1911 1443 1946
1589 737 1630 737 1630 628
617 1613 583 1613 583 1634 577 1634
595 909 486 909 486 814
1566 1039 1548 1039 1548 967
244 614 141 614 141 622
152 1188 144 1188 144 1084 130 1084
1797 579 1786 579 1786 526 1762 526
1739 1146 1739 1148 1835 1148 1835 1203 1859 1203
812 1270 775 1270 775 1228 773 1228
1354 25 1259 25 1259 104 1258 104
1239 614 1240 614 1240 515 1330 515
1533 972 1466 972 1466 999
1248 294 1295 294 1295 352 1365 352
1591 1929 1640 1929 1640 1901 1644 1901
330 499 322 499 322 593 313 593
665 139 665 154 660 154 660 160 647 160
1616 1578 1615 1578 1615 1463
1709 1530 1693 1530 1693 1556 1691 1556
888 635 926 635 926 600 1016 600 1016 549
1200 926 1200 964 1185 964 1185 978 1176 978
965 1797 965 1764 925 1764 925 1687 855 1687
609 999 705 999 705 988 724 988 724 958
1312 275 1237 275 1237 317 1233 317
1734 1324 1718 1324 1718 1261
1155 1661 1227 1661 1227 1789 1238 1789
1536 235 1470 235 1470 288
1243 524 1243 612 1278 612 1278 615 1289 615
951 1098 1050 1098 1050 1205 1062 1205
1078 637 1161 637 1161 544
932 338 932 279 935 279 935 245 981 245
32 1882 54 1882 54 1921 116 1921 116 1969
1555 1812 1555 1791 1560 1791 1560 1740
1810 1703 1796 1703 1796 1800 1771 1800
93 18 109 18 109 104
1925 1067 1917 1067 1917 1058
1464 221 1393 221 1393 261
756 1382 677 1382 677 1500 629 1500
346 689 346 672 303 672 303 563
1700 1868 1744 1868 1744 1805
1336 319 1395 319 1395 326 1403 326
1375 1789 1282 1789 1282 1739
229 1767 229 1872 113 1872 113 1889
593 1014 565 1014 565 1120 559 1120
1648 383 1694 383 1694 364
388 79 388 139 443 139 443 188 448 188
293 495 293 496 331 496 331 513 416 513
581 990 493 990 493 1022
1324 1291 1293 1291 1293 1216 1272 1216 1272 1205
1888 1227 1936 1227 1936 1294 2001 1294
1287 71 1324 71 1324 68 1352 68 1352 40
1815 860 1815 892 1894 892 1894 903
95 390 95 351 62 351 62 329
1122 1624 1055 1624 1055 1574
1497 1017 1534 1017 1534 1102 1569 1102
732 1837 732 1816 844 1816 844 1716
212 918 212 912 222 912 222 899 252 899
1394 324 1390 324 1390 339
963 457 963 459 954 459 954 490 932 490
1552 757 1546 757 1546 843 1490 843
1661 297 1652 297 1652 202
1331 1507 1302 1507 1302 1470
1419 1815 1370 1815 1370 1857 1366 1857 1366 1905
1357 597 1441 597 1441 657
1568 1005 1488 1005 1488 992 1484 992
298 1630 299 1630 299 1576 348 1576
932 572 926 572 926 561 865 561
1901 93 1990 93 1990 73
1575 1294 1575 1333 1604 1333 1604 1370
1317 1598 1422 1598 1422 1669
693 1324 735 1324 735 1352 737 1352 737 1410
415 1905 416 1905 416 1890 495 1890
1842 1634 1863 1634 1863 1589 1944 1589 1944 1588
184 631 92 631 92 601 60 601 60 584
970 1318 924 1318 924 1324
1410 1133 1410 1061 1417 1061 1417 1029 1441 1029
794 1178 795 1178 795 1177 911 1177 911 1157
100 437 170 437 170 500
1975 1659 1961 1659 1961 1718 1954 1718 1954 1758
204 1806 204 1749 253 1749 253 1728
454 2046 531 2046 531 2029
703 1869 703 1815 737 1815 737 1758 783 1758
870 382 850 382 850 279 839 279 839 254
1326 1553 1263 1553 1263 1625
728 1470 695 1470 695 1533 671 1533
1450 1787 1450 1708 1452 1708 1452 1695 1456 1695
580 1543 570 1543 570 1492 546 1492 546 1433
1760 178 1760 197 1874 197 1874 218
1204 772 1152 772 1152 730 1078 730 1078 697
233 126 234 126 234 96 318 96
184 584 184 589 227 589 227 590 260 590
1828 19 1830 19 1830 71
